Number of frames: 3950
Frequency: 100
Units: mm

Frame,Digitizing Probe R00,Digitizing Probe R01,Digitizing Probe R02,Digitizing Probe R10,Digitizing Probe R11,Digitizing Probe R12,Digitizing Probe R20,Digitizing Probe R21,Digitizing Probe R22,Digitizing Probe x,Digitizing Probe y,Digitizing Probe z,Digitizing Probe Error,HumTracker R00,HumTracker R01,HumTracker R02,HumTracker R10,HumTracker R11,HumTracker R12,HumTracker R20,HumTracker R21,HumTracker R22,HumTracker x,HumTracker y,HumTracker z,HumTracker Error,StemTracker R00,StemTracker R01,StemTracker R02,StemTracker R10,StemTracker R11,StemTracker R12,StemTracker R20,StemTracker R21,StemTracker R22,StemTracker x,StemTracker y,StemTracker z,StemTracker Error
1, 0.527170241, 0.849577963, 0.017572349, 0.783491135,-0.477948874,-0.397122741,-0.328988045, 0.223119080,-0.917597294,-11.493204117, 2.229429960,62.881317139, 0.353140384,-0.716817737, 0.695714414, 0.046408862, 0.695800900, 0.718035400,-0.016919345,-0.045094240, 0.020163242,-0.998779178,133.324371338,-93.314590454,-1460.946533203, 0.130614996,,,,,,,,,,,,,,
2, 0.527402699, 0.849436820, 0.017417451, 0.783068180,-0.478037566,-0.397849530,-0.329621881, 0.223465979,-0.917285264,-11.478285789, 2.234299183,62.891700745, 0.353707105,-0.716794550, 0.695730031, 0.046532352, 0.695807219, 0.718023121,-0.017179715,-0.045363747, 0.020063221,-0.998768985,133.324981689,-93.314369202,-1460.947509766, 0.130680233,,,,,,,,,,,,,,
3, 0.527814567, 0.849181354, 0.017400272, 0.782561779,-0.478239059,-0.398603022,-0.330164790, 0.224005267,-0.916958451,-11.483205795, 2.225571871,62.884685516, 0.354545891,-0.716813445, 0.695708632, 0.046560578, 0.695793748, 0.718039989,-0.017016646,-0.045270987, 0.020198800,-0.998770535,133.326019287,-93.313613892,-1460.948486328, 0.130929932,,,,,,,,,,,,,,
4, 0.528253734, 0.848904490, 0.017584763, 0.782407343,-0.478620321,-0.398448706,-0.329828471, 0.224240467,-0.917022049,-11.504322052, 2.207707644,62.898159027, 0.355621696,-0.716865897, 0.695653975, 0.046571761, 0.695760310, 0.718083382,-0.016548663,-0.044954550, 0.020539612,-0.998777926,133.326965332,-93.313453674,-1460.953491211, 0.130803704,,,,,,,,,,,,,,
5, 0.528413951, 0.848802507, 0.017689493, 0.782345355,-0.478738159,-0.398428768,-0.329718739, 0.224374607,-0.917028666,-11.498150826, 2.210072756,62.902568817, 0.355587631,-0.716899514, 0.695615649, 0.046625558, 0.695717275, 0.718122065,-0.016677514,-0.045083985, 0.020482104,-0.998773217,133.329589844,-93.313781738,-1460.949829102, 0.130799219,,,,,,,,,,,,,,
6, 0.528476715, 0.848775208, 0.017115429, 0.782252729,-0.479026556,-0.398263991,-0.329837888, 0.223861843,-0.917111158,-11.478790283, 2.214951515,62.928638458, 0.356571287,-0.716872871, 0.695626855, 0.046867382, 0.695724905, 0.718110323,-0.016866546,-0.045388769, 0.020515634,-0.998758733,133.330795288,-93.312217712,-1460.948486328, 0.131304130,,,,,,,,,,,,,,
7, 0.528552473, 0.848738253, 0.016603636, 0.781893730,-0.479122341,-0.398853362,-0.330566943, 0.223797217,-0.916864395,-11.466098785, 2.210929155,62.902641296, 0.355903119,-0.716820717, 0.695670784, 0.047012806, 0.695763588, 0.718068480,-0.017047636,-0.045617957, 0.020489702,-0.998748839,133.332946777,-93.311462402,-1460.951660156, 0.131485879,,,,,,,,,,,,,,
8, 0.528607607, 0.848703384, 0.016629374, 0.781920075,-0.479199946,-0.398708433,-0.330416411, 0.223763153,-0.916926920,-11.482733727, 2.213475943,62.915210724, 0.356400430,-0.716896474, 0.695604980, 0.046831194, 0.695700049, 0.718133271,-0.016914956,-0.045397162, 0.020454191,-0.998759627,133.334594727,-93.311386108,-1460.951538086, 0.131421775,,,,,,,,,,,,,,
9, 0.528923929, 0.848504424, 0.016727231, 0.781499922,-0.479281604,-0.399433494,-0.330904007, 0.224342257,-0.916609585,-11.514493942, 2.230116129,62.909507751, 0.355551273,-0.716875017, 0.695663631, 0.046284780, 0.695755243, 0.718083680,-0.016746180,-0.044886053, 0.020197958,-0.998787880,133.335601807,-93.311164856,-1460.952636719, 0.131516889,,,,,,,,,,,,,,
10, 0.528976798, 0.848485410, 0.016002271, 0.781216621,-0.479500234,-0.399725109,-0.331487834, 0.223946571,-0.916495383,-11.495881081, 2.226304770,62.909763336, 0.353867173,-0.716830254, 0.695693135, 0.046533648, 0.695783138, 0.718053102,-0.016896272,-0.045168255, 0.020265568,-0.998773813,133.336166382,-93.311729431,-1460.951782227, 0.131863564,,,,,,,,,,,,,,
11, 0.529190838, 0.848348081, 0.016206091, 0.781236768,-0.479696810,-0.399449646,-0.331098318, 0.224045888,-0.916611910,-11.502799034, 2.189857721,62.878963470, 0.351941079,-0.716783047, 0.695725322, 0.046779972, 0.695838571, 0.718008757,-0.016495144,-0.045064520, 0.020727867,-0.998769045,133.332916260,-93.313041687,-1460.951660156, 0.133773103,,,,,,,,,,,,,,
12, 0.529077530, 0.848428369, 0.015692104, 0.780983329,-0.479620129,-0.400036931,-0.331876427, 0.223905817,-0.916364610,-11.489978790, 2.209783792,62.879341125, 0.351808667,-0.716797233, 0.695715785, 0.046703897, 0.695810497, 0.718027294,-0.016869219,-0.045270853, 0.020405253,-0.998766363,133.331298828,-93.312896729,-1460.951171875, 0.133264437,,,,,,,,,,,,,,
13, 0.529225707, 0.848341584, 0.015386060, 0.780709803,-0.479772866,-0.400387526,-0.332283586, 0.223907426,-0.916216731,-11.498696327, 2.223755836,62.896518707, 0.353489041,-0.716802835, 0.695722878, 0.046512123, 0.695816994, 0.718022764,-0.016797051,-0.045082852, 0.020323750,-0.998776555,133.329254150,-93.312103271,-1460.949462891, 0.133172795,,,,,,,,,,,,,,
14, 0.529393435, 0.848233581, 0.015567696, 0.780529201,-0.479783684,-0.400726646,-0.332440674, 0.224293098,-0.916065395,-11.501924515, 2.204865694,62.880832672, 0.352358669,-0.716771781, 0.695747912, 0.046616714, 0.695848525, 0.717994392,-0.016700713,-0.045090023, 0.020467570,-0.998773217,133.325805664,-93.310775757,-1460.950805664, 0.133761778,,,,,,,,,,,,,,
15, 0.529452205, 0.848213971, 0.014612378, 0.779830039,-0.479841530,-0.402016521,-0.333984375, 0.224243686,-0.915515840,-11.482738495, 2.221174717,62.892551422, 0.352695525,-0.716761351, 0.695753992, 0.046685956, 0.695837379, 0.717995465,-0.017111739,-0.045425866, 0.020220803,-0.998763084,133.325454712,-93.310943604,-1460.950561523, 0.132470146,,,,,,,,,,,,,,
16, 0.529710829, 0.848056257, 0.014389038, 0.779573619,-0.480111420,-0.402191490,-0.334172636, 0.224262506,-0.915442526,-11.493361473, 2.209401608,62.920814514, 0.353458196,-0.716810584, 0.695697725, 0.046768803, 0.695796967, 0.718042135,-0.016797807,-0.045268163, 0.020500744,-0.998764515,133.323974609,-93.310508728,-1460.951416016, 0.132003009,,,,,,,,,,,,,,
17, 0.529912770, 0.847930074, 0.014388828, 0.779405296,-0.480260849,-0.402339220,-0.334245145, 0.224419415,-0.915377557,-11.505133629, 2.196080208,62.923442841, 0.353013009,-0.716805339, 0.695699513, 0.046822172, 0.695811749, 0.718033850,-0.016535250,-0.045123469, 0.020726860,-0.998766363,133.324279785,-93.310676575,-1460.950561523, 0.132353216,,,,,,,,,,,,,,
18, 0.529907346, 0.847938299, 0.014101562, 0.779164910,-0.480228961,-0.402842551,-0.334813654, 0.224456668,-0.915160656,-11.503993034, 2.199834585,62.918689728, 0.353959501,-0.716801465, 0.695709169, 0.046738029, 0.695815265, 0.718028188,-0.016634289,-0.045131851, 0.020597551,-0.998768687,133.324981689,-93.311416626,-1460.950805664, 0.131600767,,,,,,,,,,,,,,
19, 0.529562235, 0.848153174, 0.014142988, 0.779366136,-0.479896128,-0.402850002,-0.334891319, 0.224356711,-0.915156782,-11.505880356, 2.205487251,62.924182892, 0.352472097,-0.716815472, 0.695699394, 0.046668176, 0.695796072, 0.718042672,-0.016809834,-0.045204334, 0.020421984,-0.998769045,133.325546265,-93.310546875,-1460.951538086, 0.131621733,,,,,,,,,,,,,,
20, 0.529280245, 0.848323822, 0.014459385, 0.779680431,-0.479590446,-0.402605742,-0.334605485, 0.224364981,-0.915259302,-11.508231163, 2.188879728,62.917846680, 0.353789389,-0.716837347, 0.695668280, 0.046795323, 0.695773482, 0.718067586,-0.016678136,-0.045204658, 0.020603435,-0.998765230,133.327301025,-93.311210632,-1460.955688477, 0.131557092,,,,,,,,,,,,,,
21, 0.529125690, 0.848412573, 0.014901665, 0.779848695,-0.479292780,-0.402634442,-0.334457874, 0.224665269,-0.915239573,-11.521947861, 2.183774710,62.916641235, 0.354331255,-0.716826499, 0.695689082, 0.046652585, 0.695795417, 0.718048453,-0.016587894,-0.045038834, 0.020570014,-0.998773456,133.329483032,-93.311950684,-1460.956665039, 0.130763143,,,,,,,,,,,,,,
22, 0.528972149, 0.848507524, 0.014945809, 0.779812098,-0.479047865,-0.402996510,-0.334785849, 0.224828854,-0.915079415,-11.523062706, 2.192680836,62.931011200, 0.353060693,-0.716802835, 0.695717394, 0.046593819, 0.695816636, 0.718024850,-0.016720202,-0.045088056, 0.020435665,-0.998773992,133.330413818,-93.310630798,-1460.953613281, 0.131921351,,,,,,,,,,,,,,
23, 0.528016031, 0.849102020, 0.014994509, 0.780281484,-0.478099346,-0.403214425,-0.335201323, 0.224603623,-0.914982677,-11.543804169, 2.157171726,62.964176178, 0.353113979,-0.716816902, 0.695692718, 0.046746068, 0.695797741, 0.718044579,-0.016659893,-0.045155924, 0.020583715,-0.998767853,133.329635620,-93.309562683,-1460.954223633, 0.130014673,,,,,,,,,,,,,,
24, 0.528109014, 0.849037528, 0.015367678, 0.779988408,-0.477845937,-0.404080868,-0.335736424, 0.225385368,-0.914594173,-11.562995911, 2.142716885,62.977821350, 0.354885757,-0.716818273, 0.695696890, 0.046662532, 0.695805371, 0.718039811,-0.016546533,-0.045016926, 0.020607183,-0.998773694,133.329528809,-93.308883667,-1460.955322266, 0.130582303,,,,,,,,,,,,,,
25, 0.528124750, 0.849028707, 0.015314663, 0.779594600,-0.477627248,-0.405098170,-0.336625278, 0.225881606,-0.914144933,-11.550361633, 2.120137453,62.986820221, 0.352690220,-0.716803610, 0.695691288, 0.046970874, 0.695807099, 0.718038619,-0.016524658,-0.045222960, 0.020837732,-0.998759627,133.329513550,-93.309944153,-1460.955688477, 0.132158071,,,,,,,,,,,,,,
26, 0.527431786, 0.849449456, 0.015850978, 0.779823601,-0.476627350,-0.405834317,-0.337180763, 0.226410896,-0.913809180,-11.592612267, 2.101304054,63.030635834, 0.353170931,-0.716801822, 0.695722699, 0.046530932, 0.695832491, 0.718015552,-0.016455941,-0.044858702, 0.020582085,-0.998781323,133.328170776,-93.310966492,-1460.951293945, 0.131339878,,,,,,,,,,,,,,
27, 0.526800692, 0.849844933, 0.015639633, 0.779856324,-0.475933850,-0.406584710,-0.338090539, 0.226385772,-0.913479209,-11.600586891, 2.067615032,63.088119507, 0.353909254,-0.716807723, 0.695704997, 0.046703383, 0.695820391, 0.718028307,-0.016411258,-0.044951748, 0.020733450,-0.998773992,133.328033447,-93.310913086,-1460.951538086, 0.131804451,,,,,,,,,,,,,,
28, 0.526328504, 0.850124240, 0.016343120, 0.780391872,-0.475346029,-0.406244546,-0.337589711, 0.226572126,-0.913618207,-11.594189644, 2.043113232,63.111980438, 0.354032785,-0.716825843, 0.695666969, 0.046990145, 0.695796490, 0.718055546,-0.016230311,-0.045032430, 0.021061271,-0.998763502,133.325958252,-93.311820984,-1460.952148438, 0.132274270,,,,,,,,,,,,,,
29, 0.525857568, 0.850412905, 0.016484203, 0.780684054,-0.474865824,-0.406244814,-0.337648034, 0.226495862,-0.913615584,-11.609832764, 2.054358482,63.136417389, 0.354933411,-0.716830790, 0.695683718, 0.046667285, 0.695806503, 0.718045950,-0.016228093,-0.044798873, 0.020838607,-0.998778701,133.327148438,-93.312614441,-1460.947021484, 0.132443234,,,,,,,,,,,,,,
30, 0.525183737, 0.850833833, 0.016244136, 0.781202137,-0.474456936,-0.405726433,-0.337498605, 0.225770876,-0.913850248,-11.596989632, 2.046691179,63.157234192, 0.354891986,-0.716835260, 0.695661426, 0.046928667, 0.695788324, 0.718062818,-0.016258221,-0.045007952, 0.020997953,-0.998765886,133.328628540,-93.311912537,-1460.947875977, 0.132471114,,,,,,,,,,,,,,
31, 0.524686992, 0.851130843, 0.016725337, 0.781729400,-0.473939091,-0.405315727,-0.337049961, 0.225738600,-0.914023757,-11.583439827, 2.055422068,63.151153564, 0.356271833,-0.716880620, 0.695611656, 0.046974890, 0.695735753, 0.718111932,-0.016340582,-0.045099929, 0.020967864,-0.998762429,133.326583862,-93.311012268,-1460.946899414, 0.132398784,,,,,,,,,,,,,,
32, 0.524339318, 0.851335824, 0.017192986, 0.781901896,-0.473382980,-0.405632764,-0.337190837, 0.226132438,-0.913874388,-11.602364540, 2.071245193,63.150588989, 0.355584085,-0.716884494, 0.695634067, 0.046580937, 0.695746183, 0.718099892,-0.016425574,-0.044875957, 0.020633269,-0.998779476,133.327178955,-93.310455322,-1460.946655273, 0.132175311,,,,,,,,,,,,,,
33, 0.524039328, 0.851510763, 0.017668663, 0.782020688,-0.472848505,-0.406026989,-0.337381780, 0.226591378,-0.913690269,-11.599888802, 2.037773609,63.108375549, 0.353423387,-0.716906071, 0.695595920, 0.046819501, 0.695718229, 0.718129694,-0.016306130,-0.044964951, 0.020883219,-0.998770297,133.327865601,-93.311866760,-1460.948974609, 0.132749975,,,,,,,,,,,,,,
34, 0.523964584, 0.851546764, 0.018142756, 0.782531559,-0.472869694,-0.405016840,-0.336311638, 0.226411760,-0.914129198,-11.591519356, 2.031661272,63.123748779, 0.355088413,-0.716881990, 0.695605576, 0.047043979, 0.695737422, 0.718113482,-0.016200045,-0.045051757, 0.021116735,-0.998761415,133.326293945,-93.311058044,-1460.948364258, 0.132691696,,,,,,,,,,,,,,
35, 0.523832083, 0.851619303, 0.018559281, 0.782780945,-0.472668409,-0.404769659,-0.335937291, 0.226559192,-0.914230287,-11.600423813, 2.041399956,63.112297058, 0.353195488,-0.716877520, 0.695623636, 0.046844792, 0.695748329, 0.718101442,-0.016266841,-0.044954911, 0.020930853,-0.998769760,133.327468872,-93.311119080,-1460.950561523, 0.132783815,,,,,,,,,,,,,,
36, 0.523622751, 0.851745605, 0.018672356, 0.783081353,-0.472546518,-0.404330820,-0.335563421, 0.226338789,-0.914422214,-11.604035378, 2.049360514,63.126415253, 0.353049874,-0.716849983, 0.695659041, 0.046739116, 0.695779383, 0.718070149,-0.016315026,-0.044911664, 0.020824688,-0.998773873,133.328887939,-93.311157227,-1460.951416016, 0.132499740,,,,,,,,,,,,,,
37, 0.523541331, 0.851793945, 0.018747412, 0.783083379,-0.472406924,-0.404489934,-0.335685700, 0.226447999,-0.914350271,-11.595919609, 2.079523325,63.128231049, 0.353700817,-0.716836989, 0.695686817, 0.046525866, 0.695786715, 0.718054950,-0.016673325,-0.045007538, 0.020420024,-0.998777986,133.330078125,-93.310249329,-1460.951416016, 0.131741717,,,,,,,,,,,,,,
38, 0.523700893, 0.851691604, 0.018941006, 0.782932639,-0.472419620,-0.404766798,-0.335788399, 0.226806283,-0.914223790,-11.604279518, 2.089324474,63.129344940, 0.353110641,-0.716887951, 0.695649564, 0.046296358, 0.695742905, 0.718096435,-0.016714446,-0.044872649, 0.020227976,-0.998787880,133.332046509,-93.310531616,-1460.953613281, 0.131009519,,,,,,,,,,,,,,
39, 0.524029553, 0.851497233, 0.018585060, 0.782639146,-0.472815990,-0.404871523,-0.335959673, 0.226710051,-0.914184690,-11.598212242, 2.070035458,63.144706726, 0.355103642,-0.716882646, 0.695635021, 0.046595909, 0.695741415, 0.718101442,-0.016557893,-0.044978838, 0.020548636,-0.998776555,133.333755493,-93.310554504,-1460.954956055, 0.131796017,,,,,,,,,,,,,,
40, 0.524498582, 0.851214647, 0.018297404, 0.782121956,-0.473210722,-0.405409515,-0.336432010, 0.226947531,-0.913952053,-11.619590759, 2.070379496,63.133365631, 0.354743153,-0.716857314, 0.695677876, 0.046345916, 0.695786834, 0.718061388,-0.016387826,-0.044679858, 0.020499146,-0.998791099,133.334320068,-93.310867310,-1460.958374023, 0.131546959,,,,,,,,,,,,,,
41, 0.524485290, 0.851239204, 0.017521475, 0.781924546,-0.473430216,-0.405533940,-0.336911201, 0.226397052,-0.913912058,-11.597803116, 2.073118687,63.131732941, 0.353470385,-0.716820061, 0.695704997, 0.046514478, 0.695806146, 0.718036830,-0.016641960,-0.044977002, 0.020435767,-0.998778999,133.333938599,-93.311378479,-1460.957031250, 0.131115273,,,,,,,,,,,,,,
42, 0.524178505, 0.851441145, 0.016878819, 0.781975448,-0.473374277,-0.405501276,-0.337270468, 0.225753874,-0.913938642,-11.598287582, 2.074203014,63.139701843, 0.353461921,-0.716854811, 0.695669413, 0.046511289, 0.695769846, 0.718071759,-0.016653650,-0.044983875, 0.020422902,-0.998778999,133.334854126,-93.311798096,-1460.953125000, 0.131025538,,,,,,,,,,,,,,
43, 0.523855329, 0.851642072, 0.016772604, 0.782056987,-0.473062575,-0.405707568,-0.337583154, 0.225649208,-0.913848996,-11.601185799, 2.096965551,63.128402710, 0.353730410,-0.716914535, 0.695629597, 0.046184931, 0.695711553, 0.718122065,-0.016914984,-0.044932980, 0.020004794,-0.998789668,133.332260132,-93.311042786,-1460.954345703, 0.131258696,,,,,,,,,,,,,,
44, 0.523688376, 0.851746917, 0.016661000, 0.781984866,-0.472852349,-0.406091452,-0.338008970, 0.225694045,-0.913680494,-11.594001770, 2.101469040,63.112976074, 0.354071647,-0.716868758, 0.695676446, 0.046189647, 0.695752144, 0.718079388,-0.017059242,-0.045035545, 0.019907307,-0.998787045,133.328857422,-93.310401917,-1460.953979492, 0.131486163,,,,,,,,,,,,,,
45, 0.523772717, 0.851699889, 0.016413698, 0.781921744,-0.473036706,-0.405998409,-0.338024527, 0.225485116,-0.913726389,-11.593658447, 2.081013441,63.131458282, 0.353936255,-0.716836154, 0.695690811, 0.046478700, 0.695783257, 0.718054891,-0.016817108,-0.045073766, 0.020283991,-0.998777747,133.325408936,-93.310760498,-1460.949829102, 0.130898461,,,,,,,,,,,,,,
46, 0.524012685, 0.851552069, 0.016426632, 0.781546593,-0.473089457,-0.406658709,-0.338519782, 0.225932494,-0.913432479,-11.586382866, 2.069737196,63.130855560, 0.354878962,-0.716824532, 0.695691347, 0.046649475, 0.695786536, 0.718051374,-0.016833041,-0.045207318, 0.020391740,-0.998769462,133.323883057,-93.311203003,-1460.952270508, 0.132016554,,,,,,,,,,,,,,
47, 0.524260700, 0.851408601, 0.015940266, 0.780928016,-0.473229021,-0.407683432,-0.339561790, 0.226180598,-0.912984192,-11.580399513, 2.093428612,63.170227051, 0.355889291,-0.716813922, 0.695710421, 0.046526533, 0.695792496, 0.718039989,-0.017068567,-0.045282692, 0.020137828,-0.998771191,133.323913574,-93.312843323,-1460.952270508, 0.132013142,,,,,,,,,,,,,,
48, 0.524594903, 0.851196229, 0.016284613, 0.780455768,-0.473179460,-0.408644140,-0.340130776, 0.227082059,-0.912548542,-11.600822449, 2.096819878,63.167964935, 0.354137152,-0.716815412, 0.695727706, 0.046246160, 0.695808947, 0.718026638,-0.016963188,-0.045007732, 0.020019015,-0.998786032,133.323959351,-93.314208984,-1460.954345703, 0.131611601,,,,,,,,,,,,,,
49, 0.524760902, 0.851099133, 0.016005673, 0.780221999,-0.473371208,-0.408868223,-0.340410799, 0.227046058,-0.912453055,-11.597066879, 2.081596613,63.194149017, 0.355389297,-0.716792047, 0.695736170, 0.046479203, 0.695828676, 0.718010843,-0.016817257,-0.045072947, 0.020287087,-0.998777688,133.325942993,-93.313835144,-1460.956298828, 0.132710561,,,,,,,,,,,,,,
50, 0.524727643, 0.851125956, 0.015669724, 0.780237973,-0.473500282,-0.408688426,-0.340425700, 0.226676226,-0.912539482,-11.596603394, 2.075484753,63.216739655, 0.356627673,-0.716814578, 0.695709169, 0.046535853, 0.695805132, 0.718034923,-0.016765222,-0.045078088, 0.020362331,-0.998775899,133.328674316,-93.313842773,-1460.953491211, 0.133173674,,,,,,,,,,,,,,
51, 0.524543166, 0.851243138, 0.015478953, 0.780402720,-0.473464131,-0.408415586,-0.340332240, 0.226311430,-0.912664831,-11.584853172, 2.088609219,63.200206757, 0.354480892,-0.716797233, 0.695731163, 0.046474166, 0.695814550, 0.718019903,-0.017018132,-0.045209419, 0.020138849,-0.998774469,133.330627441,-93.313186646,-1460.953857422, 0.132441834,,,,,,,,,,,,,,
52, 0.524066389, 0.851547003, 0.014903714, 0.780725837,-0.473341256,-0.407940179,-0.340325713, 0.225423455,-0.912886977,-11.586989403, 2.081626654,63.195671082, 0.354467988,-0.716769874, 0.695757151, 0.046507109, 0.695840061, 0.717994511,-0.017043171,-0.045249760, 0.020145478,-0.998772502,133.332275391,-93.312522888,-1460.953735352, 0.132282957,,,,,,,,,,,,,,
53, 0.523927093, 0.851633012, 0.014884310, 0.781160355,-0.473459363,-0.406970084,-0.339542061, 0.224849686,-0.913320184,-11.602157593, 2.081527472,63.184818268, 0.355906904,-0.716765821, 0.695773542, 0.046324637, 0.695870340, 0.717974305,-0.016653614,-0.044847045, 0.020299200,-0.998787582,133.334671021,-93.311477661,-1460.954589844, 0.133460477,,,,,,,,,,,,,,
54, 0.523454010, 0.851919055, 0.015161195, 0.781789601,-0.473135799,-0.406137288,-0.338822782, 0.224447057,-0.913686275,-11.613886833, 2.067899704,63.175796509, 0.355251938,-0.716782033, 0.695758939, 0.046292454, 0.695862532, 0.717985749,-0.016488086,-0.044709057, 0.020394817,-0.998791814,133.336318970,-93.311347961,-1460.956176758, 0.133414209,,,,,,,,,,,,,,
55, 0.523016453, 0.852200508, 0.014424574, 0.781734049,-0.472888350,-0.406532347,-0.339625865, 0.223899290,-0.913522542,-11.586278915, 2.057465553,63.167858124, 0.353762776,-0.716848969, 0.695665538, 0.046657719, 0.695765793, 0.718073964,-0.016724428,-0.045138303, 0.020473957,-0.998770952,133.334197998,-93.311195374,-1460.956298828, 0.133160591,,,,,,,,,,,,,,
56, 0.523277640, 0.852042794, 0.014268273, 0.781365812,-0.473055452,-0.407045424,-0.340070426, 0.224146515,-0.913296461,-11.603005409, 2.092388868,63.208671570, 0.355367899,-0.716842353, 0.695701361, 0.046224780, 0.695791185, 0.718048573,-0.016760744,-0.044852104, 0.020147983,-0.998790443,133.329696655,-93.311904907,-1460.953247070, 0.132120937,,,,,,,,,,,,,,
57, 0.523792207, 0.851717472, 0.014797656, 0.780836821,-0.473113358,-0.407992125,-0.340493083, 0.225257650,-0.912865460,-11.622329712, 2.080224514,63.197391510, 0.354439527,-0.716852427, 0.695700884, 0.046073962, 0.695802033, 0.718045413,-0.016439669,-0.044520292, 0.020273540,-0.998802722,133.326309204,-93.311660767,-1460.950561523, 0.132370248,,,,,,,,,,,,,,
58, 0.523937821, 0.851634741, 0.014403012, 0.780524313,-0.473282784,-0.408393532,-0.340985417, 0.225214690,-0.912692308,-11.597691536, 2.042114973,63.216785431, 0.353752524,-0.716829658, 0.695680022, 0.046739656, 0.695797205, 0.718051374,-0.016386334,-0.044961117, 0.020775113,-0.998772740,133.323806763,-93.312637329,-1460.950805664, 0.131780192,,,,,,,,,,,,,,
59, 0.524266958, 0.851428628, 0.014607135, 0.780006945,-0.473265380,-0.409400672,-0.341662437, 0.226028919,-0.912237704,-11.599845886, 2.074017048,63.217010498, 0.354620457,-0.716815233, 0.695722699, 0.046323702, 0.695813060, 0.718026578,-0.016795479,-0.044946644, 0.020193381,-0.998785257,133.322021484,-93.314880371,-1460.950317383, 0.131160885,,,,,,,,,,,,,,
60, 0.524556816, 0.851247489, 0.014759341, 0.779823601,-0.473442942,-0.409544766,-0.341636270, 0.226339176,-0.912170649,-11.597514153, 2.070385933,63.218212128, 0.353899777,-0.716852188, 0.695680201, 0.046389427, 0.695774257, 0.718065381,-0.016740646,-0.044956781, 0.020276003,-0.998783112,133.322143555,-93.313720703,-1460.950561523, 0.132188112,,,,,,,,,,,,,,
61, 0.524815738, 0.851084411, 0.014959865, 0.779758930,-0.473636359,-0.409444302,-0.341386110, 0.226547897,-0.912212431,-11.600600243, 2.042029142,63.242889404, 0.354910463,-0.716876209, 0.695639908, 0.046620660, 0.695754111, 0.718092799,-0.016398080,-0.044885125, 0.020681122,-0.998778045,133.323715210,-93.313766479,-1460.950195313, 0.131170556,,,,,,,,,,,,,,
62, 0.525232732, 0.850822866, 0.015200741, 0.779294848,-0.473748267,-0.410197705,-0.341804236, 0.227295101,-0.911869943,-11.610592842, 2.061678648,63.258682251, 0.354492784,-0.716884255, 0.695653975, 0.046286803, 0.695757568, 0.718087614,-0.016481111,-0.044703130, 0.020389345,-0.998792171,133.326309204,-93.314453125,-1460.951782227, 0.130662322,,,,,,,,,,,,,,
63, 0.525702119, 0.850537181, 0.014959874, 0.778698564,-0.474071681,-0.410955817,-0.342441142, 0.227689564,-0.911532521,-11.585151672, 2.077457905,63.257225037, 0.355486333,-0.716806829, 0.695732057, 0.046312515, 0.695819497, 0.718018889,-0.016855370,-0.044980083, 0.020143105,-0.998784781,133.328811646,-93.314804077,-1460.951660156, 0.131753251,,,,,,,,,,,,,,
64, 0.525645792, 0.850576162, 0.014721695, 0.778731525,-0.474136204,-0.410818934,-0.342452705, 0.227409482,-0.911598086,-11.581799507, 2.045487404,63.285587311, 0.355230600,-0.716831923, 0.695692837, 0.046512306, 0.695791125, 0.718049943,-0.016703436,-0.045018621, 0.020389292,-0.998778045,133.331130981,-93.314094543,-1460.954833984, 0.132374451,,,,,,,,,,,,,,
65, 0.524586499, 0.851249158, 0.013564066, 0.779118061,-0.473590881,-0.410715014,-0.343196958, 0.226023540,-0.911662877,-11.595343590, 2.015412331,63.384609222, 0.355536640,-0.716814220, 0.695720851, 0.046367534, 0.695820034, 0.718023956,-0.016618134,-0.044854581, 0.020351343,-0.998786211,133.334365845,-93.313011169,-1460.954833984, 0.132646039,,,,,,,,,,,,,,
66, 0.524276733, 0.851441443, 0.013468460, 0.779309154,-0.473365873,-0.410611838,-0.343236417, 0.225770310,-0.911710739,-11.577964783, 2.003647089,63.457080841, 0.354896545,-0.716753006, 0.695768178, 0.046601970, 0.695866466, 0.717975914,-0.016746501,-0.045110773, 0.020425642,-0.998773217,133.334899902,-93.313240051,-1460.955078125, 0.132159069,,,,,,,,,,,,,,
67, 0.524417341, 0.851349592, 0.013797987, 0.778881788,-0.473105609,-0.411721021,-0.343990594, 0.226660639,-0.911205471,-11.593358994, 1.990751266,63.496479034, 0.354979306,-0.716785967, 0.695739686, 0.046521064, 0.695837736, 0.718004525,-0.016714718,-0.045031428, 0.020390235,-0.998777509,133.333801270,-93.313186646,-1460.956420898, 0.131949365,,,,,,,,,,,,,,
68, 0.524461150, 0.851321101, 0.013887529, 0.778868318,-0.473109543,-0.411741972,-0.343954295, 0.226759225,-0.911194623,-11.585993767, 1.979895353,63.570285797, 0.355882734,-0.716808915, 0.695702195, 0.046727210, 0.695805550, 0.718036294,-0.016688468,-0.045162037, 0.020550610,-0.998768330,133.333969116,-93.314529419,-1460.957031250, 0.131285205,,,,,,,,,,,,,,
69, 0.524111569, 0.851535141, 0.013959615, 0.779112518,-0.472787827,-0.411649376,-0.343934000, 0.226626337,-0.911235332,-11.578330040, 1.971359491,63.624519348, 0.355078191,-0.716836751, 0.695661068, 0.046911877, 0.695767224, 0.718072951,-0.016709620,-0.045310382, 0.020661676,-0.998759270,133.331741333,-93.316329956,-1460.956176758, 0.130459383,,,,,,,,,,,,,,
70, 0.524001837, 0.851594985, 0.014422479, 0.779138148,-0.472440213,-0.411999971,-0.344043374, 0.227125838,-0.911069691,-11.584366798, 1.970134139,63.632705688, 0.354238212,-0.716853857, 0.695647538, 0.046851613, 0.695751667, 0.718087673,-0.016726401,-0.045279242, 0.020606700,-0.998761833,133.328094482,-93.315551758,-1460.955322266, 0.130827054,,,,,,,,,,,,,,
71, 0.523804545, 0.851710379, 0.014772200, 0.779207349,-0.472063959,-0.412300289,-0.344187021, 0.227475390,-0.910928249,-11.583616257, 1.970579863,63.636985779, 0.353410870,-0.716896892, 0.695607781, 0.046783037, 0.695713043, 0.718126357,-0.016668836,-0.045191105, 0.020597734,-0.998766005,133.324508667,-93.317214966,-1460.953613281, 0.131201759,,,,,,,,,,,,,,
72, 0.523704350, 0.851763248, 0.015269057, 0.779412150,-0.471830547,-0.412180334,-0.343875647, 0.227761507,-0.910974324,-11.601238251, 1.956380010,63.657791138, 0.353908747,-0.716893494, 0.695617199, 0.046695735, 0.695733666, 0.718113065,-0.016379584,-0.044926737, 0.020745380,-0.998774886,133.323440552,-93.315818787,-1460.949951172, 0.132270470,,,,,,,,,,,,,,
73, 0.523592055, 0.851835072, 0.015112425, 0.779340684,-0.471715152,-0.412447453,-0.344208449, 0.227731928,-0.910856068,-11.585399628, 1.965440154,63.679862976, 0.355319232,-0.716865361, 0.695637763, 0.046820588, 0.695747197, 0.718095064,-0.016595270,-0.045165930, 0.020678718,-0.998765469,133.323516846,-93.314796448,-1460.951416016, 0.132090732,,,,,,,,,,,,,,
74, 0.523696065, 0.851762176, 0.015607382, 0.779002547,-0.471384466,-0.413463026,-0.344815105, 0.228687137,-0.910387099,-11.601068497, 1.990270853,63.689689636, 0.354585975,-0.716876686, 0.695659697, 0.046318650, 0.695757806, 0.718084216,-0.016617989,-0.044821154, 0.020313513,-0.998788416,133.324737549,-93.315460205,-1460.953247070, 0.132235765,,,,,,,,,,,,,,
75, 0.523618460, 0.851806641, 0.015785357, 0.779185057,-0.471319795,-0.413192809,-0.344520420, 0.228655115,-0.910506785,-11.579242706, 1.961330771,63.728916168, 0.354540735,-0.716822028, 0.695680857, 0.046842925, 0.695800126, 0.718048453,-0.016389038,-0.045037031, 0.020845288,-0.998767793,133.327468872,-93.314964294,-1460.951416016, 0.132943213,,,,,,,,,,,,,,
76, 0.523233652, 0.852047741, 0.015531080, 0.779184222,-0.470949620,-0.413616300,-0.345106453, 0.228519544,-0.910318792,-11.553493500, 1.947619319,63.773590088, 0.353639692,-0.716862142, 0.695623517, 0.047081653, 0.695747077, 0.718099594,-0.016402004,-0.045218933, 0.020998945,-0.998756409,133.328247070,-93.315208435,-1460.951171875, 0.132738322,,,,,,,,,,,,,,
77, 0.523137867, 0.852116346, 0.014981191, 0.779200852,-0.471104831,-0.413408071,-0.345214069, 0.227942765,-0.910422564,-11.536190033, 1.970021248,63.855346680, 0.357498616,-0.716829538, 0.695671082, 0.046873763, 0.695790052, 0.718057752,-0.016408890,-0.045073260, 0.020851921,-0.998766065,133.330169678,-93.315292358,-1460.955810547, 0.132795304,,,,,,,,,,,,,,
78, 0.523234904, 0.852073550, 0.013999211, 0.778706968,-0.471380293,-0.414024293,-0.346180171, 0.227533236,-0.910158217,-11.498399734, 1.986526966,63.913692474, 0.356591523,-0.716815531, 0.695695162, 0.046729509, 0.695811033, 0.718037307,-0.016412269,-0.044971470, 0.020750338,-0.998772740,133.333084106,-93.316680908,-1460.955078125, 0.133072793,,,,,,,,,,,,,,
79, 0.523702860, 0.851835489, 0.010569978, 0.778316200,-0.473385602,-0.412468284,-0.346351415, 0.224237606,-0.910910666,-11.424938202, 2.082967997,64.162277222, 0.356449962,-0.716842234, 0.695666194, 0.046752401, 0.695785105, 0.718063831,-0.016354093,-0.044948198, 0.020806320,-0.998772681,133.331878662,-93.316535950,-1460.951049805, 0.132268697,,,,,,,,,,,,,,
80, 0.522851408, 0.852361500, 0.010315281, 0.778382182,-0.472468466,-0.413394213,-0.347487628, 0.224172950,-0.910493791,-11.428922653, 2.120512724,64.304740906, 0.355152965,-0.716862381, 0.695667267, 0.046425384, 0.695783436, 0.718067467,-0.016263615,-0.044650622, 0.020643238,-0.998789370,133.333053589,-93.314796448,-1460.953613281, 0.131632492,,,,,,,,,,,,,,
81, 0.522307634, 0.852724969, 0.007405716, 0.777376354,-0.472549558,-0.415190250,-0.350543529, 0.222614065,-0.909704447,-11.422194481, 2.112519264,64.467086792, 0.360257953,-0.716831028, 0.695679128, 0.046730425, 0.695786536, 0.718056738,-0.016600395,-0.045103647, 0.020614721,-0.998769581,133.332366943,-93.313919067,-1460.958251953, 0.132695958,,,,,,,,,,,,,,
82, 0.522191882, 0.852796555, 0.007325431, 0.777596533,-0.472582132,-0.414740503,-0.350227416, 0.222270340,-0.909910202,-11.440796852, 2.130192757,64.576690674, 0.355229080,-0.716810405, 0.695710957, 0.046573084, 0.695819974, 0.718026817,-0.016491601,-0.044914111, 0.020585131,-0.998778760,133.331237793,-93.315795898,-1460.959350586, 0.133013919,,,,,,,,,,,,,,
83, 0.522493005, 0.852618694, 0.006514592, 0.776611269,-0.472733200,-0.416411161,-0.351960301, 0.222631216,-0.909153044,-11.451008797, 2.107124090,64.654998779, 0.361062616,-0.716889739, 0.695618212, 0.046737775, 0.695732713, 0.718112528,-0.016444419,-0.045002021, 0.020728163,-0.998771846,133.328765869,-93.317428589,-1460.958984375, 0.133577138,,,,,,,,,,,,,,
84, 0.522692263, 0.852497876, 0.006336720, 0.776078284,-0.472734451,-0.417402267,-0.352838963, 0.223090723,-0.908699751,-11.448448181, 2.112898588,64.673904419, 0.357455820,-0.716931939, 0.695582092, 0.046627667, 0.695686042, 0.718153596,-0.016626243,-0.045050740, 0.020518329,-0.998773992,133.325531006,-93.316909790,-1460.956542969, 0.132567227,,,,,,,,,,,,,,
85, 0.522688925, 0.852502346, 0.006008583, 0.776001573,-0.472842485,-0.417422533,-0.353012562, 0.222844809,-0.908692658,-11.471852303, 2.107525110,64.685173035, 0.358427972,-0.716887116, 0.695642710, 0.046412878, 0.695742428, 0.718098998,-0.016624589,-0.044893812, 0.020373454,-0.998784065,133.325531006,-93.317817688,-1460.954833984, 0.132215425,,,,,,,,,,,,,,
86, 0.522511244, 0.852613270, 0.005704901, 0.776310563,-0.472962052,-0.416711777,-0.352595806, 0.222165376,-0.909020722,-11.480366707, 2.088694572,64.685325623, 0.356856078,-0.716874897, 0.695649862, 0.046492580, 0.695757449, 0.718087554,-0.016486906,-0.044854861, 0.020528510,-0.998782575,133.325317383,-93.317634583,-1460.955078125, 0.132497907,,,,,,,,,,,,,,
87, 0.522174537, 0.852824271, 0.004947868, 0.776588738,-0.473082542,-0.416056305,-0.352482170, 0.221096471,-0.909325421,-11.460521698, 2.077075958,64.713157654, 0.359362245,-0.716830254, 0.695671320, 0.046859793, 0.695786119, 0.718059659,-0.016494116,-0.045122609, 0.020780914,-0.998765349,133.324844360,-93.317146301,-1460.953613281, 0.132745191,,,,,,,,,,,,,,
88, 0.521750808, 0.853084326, 0.004823043, 0.776838541,-0.472766876,-0.415948719,-0.352559149, 0.220768318,-0.909375310,-11.471249580, 2.075366020,64.721527100, 0.358703703,-0.716871381, 0.695638955, 0.046710752, 0.695753038, 0.718092918,-0.016440174,-0.044979084, 0.020713659,-0.998773158,133.324935913,-93.318550110,-1460.953491211, 0.132264152,,,,,,,,,,,,,,
89, 0.521307707, 0.853354335, 0.004974828, 0.777271390,-0.472406656,-0.415549248,-0.352260590, 0.220495805,-0.909557045,-11.490319252, 2.085587978,64.740707397, 0.358930349,-0.716924846, 0.695608735, 0.046338763, 0.695711613, 0.718131304,-0.016517419,-0.044766974, 0.020396668,-0.998789251,133.323303223,-93.319183350,-1460.953002930, 0.131745532,,,,,,,,,,,,,,
90, 0.520787120, 0.853675842, 0.004283146, 0.777437568,-0.472193182,-0.415480882,-0.352663517, 0.219706953,-0.909591794,-11.486863136, 2.064880848,64.761306763, 0.357658476,-0.716872990, 0.695649445, 0.046529938, 0.695759952, 0.718086302,-0.016437657,-0.044847358, 0.020589955,-0.998781681,133.326263428,-93.318725586,-1460.953247070, 0.132159248,,,,,,,,,,,,,,
91, 0.519831359, 0.854260564, 0.003774055, 0.777916789,-0.471540123,-0.415325552,-0.353016615, 0.218835160,-0.909665048,-11.488449097, 2.037835121,64.811851501, 0.356999695,-0.716884434, 0.695628285, 0.046668902, 0.695741475, 0.718104124,-0.016440650,-0.044949710, 0.020683445,-0.998775125,133.327590942,-93.317420959,-1460.952880859, 0.132130325,,,,,,,,,,,,,,
92, 0.519408941, 0.854517996, 0.003664224, 0.778153002,-0.471210718,-0.415256977,-0.353117913, 0.218539506,-0.909696817,-11.527031898, 2.022442579,64.883338928, 0.358618021,-0.716912866, 0.695620298, 0.046351314, 0.695742488, 0.718111038,-0.016091719,-0.044479113, 0.020712217,-0.998795629,133.326873779,-93.316116333,-1460.954956055, 0.131746531,,,,,,,,,,,,,,
93, 0.517934501, 0.855418146, 0.001900189, 0.778998077,-0.470743954,-0.414200544,-0.353420168, 0.216008991,-0.910183668,-11.528977394, 2.013103485,65.035949707, 0.358222455,-0.716915905, 0.695614278, 0.046393920, 0.695726514, 0.718120992,-0.016334508,-0.044678964, 0.020567011,-0.998789668,133.329818726,-93.317153931,-1460.953002930, 0.132543653,,,,,,,,,,,,,,
94, 0.516902030, 0.856043935, 0.001045584, 0.779974580,-0.470465243,-0.412676781,-0.352777541, 0.214128971,-0.910876930,-11.554080963, 2.008137703,65.193901062, 0.357112020,-0.716833889, 0.695693970, 0.046466511, 0.695810199, 0.718041122,-0.016281057,-0.044691499, 0.020661062,-0.998787224,133.330413818,-93.317131042,-1460.956054688, 0.132140502,,,,,,,,,,,,,,
95, 0.516493976, 0.856290817,-0.000241424, 0.779492974,-0.470288068,-0.413787186,-0.354435682, 0.213530406,-0.910373628,-11.558655739, 1.995105982,65.266807556, 0.357023120,-0.716838777, 0.695672154, 0.046716537, 0.695774496, 0.718066037,-0.016704626,-0.045166500, 0.020529650,-0.998768508,133.330932617,-93.315879822,-1460.953247070, 0.132108927,,,,,,,,,,,,,,
96, 0.516370773, 0.856365025,-0.000225295, 0.779985487,-0.470424056,-0.412702918,-0.353530377, 0.212932020,-0.910865605,-11.573769569, 1.992708564,65.339576721, 0.353903353,-0.716861725, 0.695643961, 0.046783429, 0.695760548, 0.718086123,-0.016418459,-0.045015931, 0.020780301,-0.998770118,133.329650879,-93.316383362,-1460.953369141, 0.132664219,,,,,,,,,,,,,,
97, 0.516208708, 0.856462598,-0.000571241, 0.780164719,-0.470497251,-0.412280738,-0.353371829, 0.212377265,-0.911056697,-11.588791847, 1.960683227,65.401741028, 0.356200784,-0.716842651, 0.695651352, 0.046965636, 0.695780277, 0.718071282,-0.016230967,-0.045015771, 0.021042714,-0.998764694,133.329528809,-93.317695618,-1460.954711914, 0.133082613,,,,,,,,,,,,,,
98, 0.515959680, 0.856612265,-0.001003677, 0.780398309,-0.470536500,-0.411793470,-0.353219628, 0.211685568,-0.911276639,-11.606146812, 1.942519665,65.465469360, 0.355177045,-0.716899157, 0.695594430, 0.046946917, 0.695734203, 0.718121588,-0.015978731,-0.044828311, 0.021207437,-0.998769581,133.329574585,-93.317405701,-1460.953369141, 0.133080304,,,,,,,,,,,,,,
99, 0.515600860, 0.856828034,-0.001215542, 0.780413866,-0.470202982,-0.412144780,-0.353708744, 0.211553589,-0.911117554,-11.627965927, 1.946148276,65.534675598, 0.356738418,-0.716911495, 0.695601165, 0.046657562, 0.695723295, 0.718126357,-0.016234996,-0.044799108, 0.020821700,-0.998778999,133.327926636,-93.317123413,-1460.952514648, 0.132625520,,,,,,,,,,,,,,
100, 0.515699804, 0.856768310,-0.001298358, 0.780170619,-0.470219910,-0.412585646,-0.354100853, 0.211757421,-0.910917878,-11.625664711, 1.934536338,65.590888977, 0.355710477,-0.716875434, 0.695633113, 0.046735808, 0.695758641, 0.718093038,-0.016198492,-0.044828866, 0.020904539,-0.998775959,133.326614380,-93.317512512,-1460.954345703, 0.131582007,,,,,,,,,,,,,,
101, 0.515179873, 0.857080936,-0.001437576, 0.780411363,-0.469786942,-0.412623703,-0.354327232, 0.211453512,-0.910900414,-11.653105736, 1.897157550,65.667861938, 0.356911361,-0.716891646, 0.695623457, 0.046629537, 0.695754826, 0.718100727,-0.016017744,-0.044627022, 0.020959737,-0.998783827,133.326293945,-93.318176270,-1460.955932617, 0.132275432,,,,,,,,,,,,,,
102, 0.514613390, 0.857420266,-0.001857480, 0.780578792,-0.469388247,-0.412760645,-0.354781240, 0.210962266,-0.910837650,-11.665586472, 1.910136938,65.776809692, 0.356596112,-0.716921151, 0.695604026, 0.046465952, 0.695725620, 0.718125880,-0.016158346,-0.044608213, 0.020743294,-0.998789191,133.324905396,-93.317932129,-1460.954467773, 0.132104397,,,,,,,,,,,,,,
103, 0.514404535, 0.857546031,-0.001659766, 0.780785263,-0.469157785,-0.412632108,-0.354629725, 0.210963920,-0.910896242,-11.685503960, 1.879333138,65.844459534, 0.358501732,-0.716919243, 0.695593178, 0.046658598, 0.695729733, 0.718127370,-0.015912767,-0.044575628, 0.021053607,-0.998784184,133.323440552,-93.317710876,-1460.956909180, 0.131065592,,,,,,,,,,,,,,
104, 0.514111400, 0.857721329,-0.001892096, 0.780937195,-0.468997568,-0.412526876,-0.354720503, 0.210607171,-0.910943449,-11.696609497, 1.868071914,65.924522400, 0.358144879,-0.716931999, 0.695569813, 0.046811398, 0.695713878, 0.718144894,-0.015815988,-0.044618487, 0.021228353,-0.998778582,133.321792603,-93.317352295,-1460.959350586, 0.131580681,,,,,,,,,,,,,,
105, 0.514372647, 0.857563317,-0.002426275, 0.780370116,-0.469241023,-0.413322300,-0.355588555, 0.210708305,-0.910581589,-11.718077660, 1.875046253,66.034866333, 0.358809650,-0.716876566, 0.695634007, 0.046704832, 0.695780277, 0.718082666,-0.015717926,-0.044471852, 0.021228490,-0.998785079,133.322052002,-93.318489075,-1460.959350586, 0.131696820,,,,,,,,,,,,,,
106, 0.513600707, 0.858023226,-0.003234392, 0.780747414,-0.468901277,-0.412995279,-0.355876148, 0.209589422,-0.910727441,-11.736531258, 1.887491226,66.176582336, 0.356533855,-0.716870308, 0.695646763, 0.046611231, 0.695778847, 0.718078017,-0.015992679,-0.044595756, 0.020966433,-0.998785138,133.325332642,-93.317558289,-1460.963378906, 0.131152973,,,,,,,,,,,,,,
107, 0.513963580, 0.857803702,-0.003773343, 0.780192077,-0.469281048,-0.413612872,-0.356569409, 0.209638014,-0.910445035,-11.729269028, 1.888149977,66.282218933, 0.359622747,-0.716863096, 0.695642114, 0.046790324, 0.695776880, 0.718079329,-0.016017577,-0.044741668, 0.021073215,-0.998776317,133.325881958,-93.317382813,-1460.962280273, 0.132789314,,,,,,,,,,,,,,
108, 0.513354003, 0.858161986,-0.005070978, 0.780930519,-0.469587803,-0.411867470,-0.355830252, 0.207473710,-0.911229610,-11.750614166, 1.867713213,66.423202515, 0.359406114,-0.716833174, 0.695659995, 0.046983656, 0.695805550, 0.718054891,-0.015869318,-0.044776492, 0.021315834,-0.998769581,133.327850342,-93.318092346,-1460.964233398, 0.133015424,,,,,,,,,,,,,,
