Number of frames: 3828
Frequency: 100
Units: mm

Frame,Digitizing Probe R00,Digitizing Probe R01,Digitizing Probe R02,Digitizing Probe R10,Digitizing Probe R11,Digitizing Probe R12,Digitizing Probe R20,Digitizing Probe R21,Digitizing Probe R22,Digitizing Probe x,Digitizing Probe y,Digitizing Probe z,Digitizing Probe Error,HumMarker R00,HumMarker R01,HumMarker R02,HumMarker R10,HumMarker R11,HumMarker R12,HumMarker R20,HumMarker R21,HumMarker R22,HumMarker x,HumMarker y,HumMarker z,HumMarker Error,StemMarker R00,StemMarker R01,StemMarker R02,StemMarker R10,StemMarker R11,StemMarker R12,StemMarker R20,StemMarker R21,StemMarker R22,StemMarker x,StemMarker y,StemMarker z,StemMarker Error
1, 0.304234058, 0.746895552, 0.591260314, 0.772275448,-0.556765735, 0.305945337, 0.557702661, 0.363536805,-0.746196210,-16.668239594, 9.078534126,64.663139343, 0.302055061,-0.645339549, 0.763056695, 0.035796896, 0.762968183, 0.646156490,-0.019009462,-0.037635691, 0.015044334,-0.999178290,135.347793579,-210.004867554,-1475.980590820, 0.132015362,,,,,,,,,,,,,,
2, 0.303208828, 0.747253537, 0.591334641, 0.772605598,-0.556018829, 0.306469768, 0.557803750, 0.363944083,-0.745922029,-16.687973022, 9.081582069,64.658943176, 0.301301181,-0.645388544, 0.763027310, 0.035538886, 0.762941539, 0.646193147,-0.018832311,-0.037334550, 0.014959934,-0.999190807,135.349090576,-210.004714966,-1475.978515625, 0.130682588,,,,,,,,,,,,,,
3, 0.302182257, 0.747830689, 0.591130376, 0.772789180,-0.555251777, 0.307396084, 0.558106422, 0.363929540,-0.745702684,-16.705259323, 9.108574867,64.675651550, 0.302784115,-0.645412564, 0.763026118, 0.035124630, 0.762932420, 0.646202445,-0.018880863,-0.037104215, 0.014611773,-0.999204516,135.348434448,-210.004776001,-1475.978393555, 0.131367534,,,,,,,,,,,,,,
4, 0.301240712, 0.748564482, 0.590682030, 0.773102462,-0.554345548, 0.308242708, 0.558181465, 0.363802493,-0.745708525,-16.688268661, 9.115280151,64.674949646, 0.301683784,-0.645366728, 0.763062775, 0.035171043, 0.762961149, 0.646161735,-0.019113043,-0.037310634, 0.014499216,-0.999198496,135.348648071,-210.005111694,-1475.979614258, 0.131520152,,,,,,,,,,,,,,
5, 0.299403548, 0.749210358, 0.590797126, 0.772907019,-0.553508580, 0.310230434, 0.559439182, 0.363747180,-0.744792402,-16.699634552, 9.085362434,64.675926208, 0.301287830,-0.645365179, 0.763056040, 0.035345815, 0.762969613, 0.646161735,-0.018772988,-0.037163954, 0.014852352,-0.999198794,135.351455688,-210.005920410,-1475.979248047, 0.131507427,,,,,,,,,,,,,,
6, 0.298165083, 0.749532104, 0.591015399, 0.772987366,-0.552863777, 0.311178595, 0.559989393, 0.364064842,-0.744223535,-16.709449768, 9.081826210,64.677574158, 0.301842600,-0.645311058, 0.763106227, 0.035248514, 0.763028502, 0.646099985,-0.018502286,-0.036893275, 0.014955891,-0.999207258,135.351257324,-210.006225586,-1475.980224609, 0.131485850,,,,,,,,,,,,,,
7, 0.297628522, 0.749616146, 0.591179192, 0.772995651,-0.552630365, 0.311572284, 0.560263216, 0.364246190,-0.743928611,-16.692956924, 9.085016251,64.701560974, 0.302224547,-0.645382226, 0.763041556, 0.035346061, 0.762957692, 0.646177769,-0.018702323,-0.037110489, 0.014897405,-0.999200106,135.351318359,-210.005905151,-1475.981445313, 0.131274521,,,,,,,,,,,,,,
8, 0.297830611, 0.749444187, 0.591295421, 0.772973895,-0.552804291, 0.311317593, 0.560185850, 0.364336073,-0.743942857,-16.664251328, 9.100029945,64.745437622, 0.302694231,-0.645299792, 0.763107836, 0.035420831, 0.763004124, 0.646106422,-0.019265285,-0.037587114, 0.014594357,-0.999186754,135.352462769,-210.004928589,-1475.979370117, 0.131064877,,,,,,,,,,,,,,
9, 0.297882736, 0.748868585, 0.591998100, 0.772968888,-0.553128064, 0.310754687, 0.560165167, 0.365027636,-0.743619382,-16.678497314, 9.095705032,64.745376587, 0.302473187,-0.645303369, 0.763111293, 0.035283063, 0.763013840, 0.646101594,-0.019046111,-0.037330739, 0.014630945,-0.999195874,135.351440430,-210.004150391,-1475.980224609, 0.131177053,,,,,,,,,,,,,,
10, 0.298231512, 0.748434544, 0.592371225, 0.773250282,-0.553291082, 0.309762836, 0.559590936, 0.365670174,-0.743736029,-16.678674698, 9.095120430,64.732818604, 0.302920491,-0.645322978, 0.763095856, 0.035256710, 0.763006806, 0.646116734,-0.018809307,-0.037133254, 0.014763032,-0.999201238,135.351074219,-210.004714966,-1475.982177734, 0.130520746,,,,,,,,,,,,,,
11, 0.298371881, 0.748463929, 0.592263401, 0.773421645,-0.553211689, 0.309476703, 0.559279203, 0.365730196,-0.743941009,-16.692289352, 9.080520630,64.754699707, 0.302306950,-0.645296633, 0.763114572, 0.035333894, 0.763036907, 0.646089137,-0.018534780,-0.036973003, 0.015000635,-0.999203682,135.348846436,-210.004257202,-1475.981079102, 0.130097717,,,,,,,,,,,,,,
12, 0.298254818, 0.748411417, 0.592388749, 0.773717225,-0.553005636, 0.309105843, 0.558932662, 0.366149068,-0.743995368,-16.678583145, 9.104619026,64.740280151, 0.303061366,-0.645340919, 0.763084173, 0.035180941, 0.762994051, 0.646131814,-0.018808903,-0.037084300, 0.014704693,-0.999203980,135.346679688,-210.004226685,-1475.978759766, 0.130727753,,,,,,,,,,,,,,
13, 0.298454314, 0.748511434, 0.592161834, 0.773897886,-0.552903235, 0.308836520, 0.558575869, 0.366099209,-0.744287789,-16.704307556, 9.079152107,64.753150940, 0.304157019,-0.645373106, 0.763057947, 0.035159282, 0.762978256, 0.646158874,-0.018518107,-0.036848873, 0.014874680,-0.999210119,135.346878052,-210.005203247,-1475.981567383, 0.130584374,,,,,,,,,,,,,,
14, 0.299675763, 0.748770237, 0.591217041, 0.774491608,-0.552796364, 0.307536960, 0.557097137, 0.365731299,-0.745575905,-16.671411514, 9.089955330,64.756126404, 0.302814007,-0.645341992, 0.763076067, 0.035336372, 0.762983918, 0.646140456,-0.018923214,-0.037272107, 0.014749139,-0.999196291,135.346221924,-210.005447388,-1475.979125977, 0.131678253,,,,,,,,,,,,,,
15, 0.299827307, 0.748925388, 0.590943575, 0.774464071,-0.552785337, 0.307625860, 0.557053804, 0.365429938,-0.745755970,-16.701477051, 9.091098785,64.760429382, 0.303008944,-0.645359576, 0.763074696, 0.035043079, 0.762993693, 0.646140933,-0.018505547,-0.036763884, 0.014794918,-0.999214411,135.347518921,-210.006439209,-1475.979248047, 0.130470112,,,,,,,,,,,,,,
16, 0.300502360, 0.749505818, 0.589863896, 0.774583757,-0.552635074, 0.307594657, 0.556523442, 0.364466041,-0.746623158,-16.676134109, 9.076274872,64.760032654, 0.302353024,-0.645297825, 0.763107955, 0.035453737, 0.763029516, 0.646095812,-0.018606387,-0.037105195, 0.015045586,-0.999198079,135.348571777,-210.007080078,-1475.979614258, 0.131630883,,,,,,,,,,,,,,
17, 0.300817370, 0.750090480, 0.588959455, 0.774459779,-0.552518427, 0.308116019, 0.556525826, 0.363438785,-0.747122049,-16.671192169, 9.065392494,64.780746460, 0.301540911,-0.645272672, 0.763117790, 0.035699155, 0.763045073, 0.646079004,-0.018551981,-0.037221823, 0.015268977,-0.999190331,135.349716187,-210.006881714,-1475.978881836, 0.131714463,,,,,,,,,,,,,,
18, 0.300647885, 0.750189722, 0.588919520, 0.774305642,-0.552509069, 0.308519691, 0.556831717, 0.363247931,-0.746986806,-16.680427551, 9.062492371,64.752822876, 0.303482562,-0.645328283, 0.763076067, 0.035584737, 0.763011575, 0.646126211,-0.018280474,-0.036941625, 0.015354658,-0.999199390,135.350524902,-210.006469727,-1475.981689453, 0.130496055,,,,,,,,,,,,,,
19, 0.301262259, 0.750465631, 0.588253677, 0.774410129,-0.552506328, 0.308262318, 0.556354165, 0.362681806,-0.747617483,-16.699953079, 9.076444626,64.765930176, 0.301513612,-0.645368814, 0.763056278, 0.035273612, 0.762982011, 0.646157324,-0.018416243,-0.036844932, 0.015027863,-0.999207973,135.351181030,-210.005676270,-1475.982421875, 0.131013066,,,,,,,,,,,,,,
20, 0.302493215, 0.750623941, 0.587419450, 0.774423182,-0.552835107, 0.307639599, 0.555667698, 0.361852318,-0.748529375,-16.688175201, 9.063984871,64.761558533, 0.301193029,-0.645366907, 0.763046205, 0.035526011, 0.762975752, 0.646164715,-0.018416597,-0.037008367, 0.015220023,-0.999199033,135.350524902,-210.004959106,-1475.981201172, 0.131542489,,,,,,,,,,,,,,
21, 0.303529501, 0.750846207, 0.586600184, 0.774576902,-0.552971840, 0.307006180, 0.554887831, 0.361181557,-0.749431372,-16.662700653, 9.083157539,64.752151489, 0.302883178,-0.645283639, 0.763116241, 0.035534538, 0.763029993, 0.646088302,-0.018845815,-0.037339993, 0.014953022,-0.999190748,135.349792480,-210.004180908,-1475.983642578, 0.131697491,,,,,,,,,,,,,,
22, 0.303669244, 0.751097858, 0.586205661, 0.774702787,-0.552805841, 0.306987643, 0.554635644, 0.360912442,-0.749747694,-16.695930481, 9.086173058,64.748367310, 0.303008884,-0.645364285, 0.763066888, 0.035126694, 0.762989581, 0.646147788,-0.018438667,-0.036766969, 0.014901645,-0.999212742,135.350051880,-210.003616333,-1475.981567383, 0.130115747,,,,,,,,,,,,,,
23, 0.303762853, 0.751813471, 0.585238934, 0.774876118,-0.552349746, 0.307370812, 0.554342091, 0.360119849,-0.750345588,-16.679641724, 9.093663216,64.759597778, 0.302088529,-0.645340741, 0.763082862, 0.035212360, 0.762995005, 0.646132171,-0.018759713,-0.037067052, 0.014760447,-0.999203742,135.347686768,-210.004013062,-1475.980346680, 0.130740926,,,,,,,,,,,,,,
24, 0.303787470, 0.752381861, 0.584495187, 0.774905086,-0.552040339, 0.307853162, 0.554288089, 0.359406382,-0.750727534,-16.688018799, 9.072516441,64.773338318, 0.301401526,-0.645384192, 0.763036549, 0.035418052, 0.762959242, 0.646180153,-0.018558541,-0.037047289, 0.015045142,-0.999200225,135.347061157,-210.003997803,-1475.982299805, 0.130829632,,,,,,,,,,,,,,
25, 0.304405451, 0.752514184, 0.584003150, 0.775449455,-0.551828384, 0.306860805, 0.553186655, 0.359454811,-0.751516283,-16.676351547, 9.088460922,64.745056152, 0.302591294,-0.645393372, 0.763035357, 0.035276197, 0.762951314, 0.646185935,-0.018682865,-0.037050672, 0.014856225,-0.999202967,135.348083496,-210.003952026,-1475.982788086, 0.130207479,,,,,,,,,,,,,,
26, 0.305701911, 0.752448320, 0.583410621, 0.775842011,-0.552049935, 0.305466890, 0.551919818, 0.359252661,-0.752543688,-16.694551468, 9.089776039,64.739074707, 0.303328186,-0.645331740, 0.763096750, 0.035075109, 0.763018668, 0.646113336,-0.018441442,-0.036735103, 0.014862115,-0.999214470,135.349777222,-210.005493164,-1475.983276367, 0.130830765,,,,,,,,,,,,,,
27, 0.307981819, 0.752527893, 0.582107365, 0.776145160,-0.552586734, 0.303721160, 0.550223470, 0.358259231,-0.754257560,-16.679559708, 9.072607040,64.754386902, 0.303034604,-0.645319223, 0.763089299, 0.035465240, 0.763014138, 0.646116376,-0.018518807,-0.037046179, 0.015109940,-0.999199271,135.349716187,-210.005538940,-1475.983032227, 0.131821647,,,,,,,,,,,,,,
28, 0.310152709, 0.752663732, 0.580777586, 0.776585460,-0.552965701, 0.301900625, 0.548379719, 0.357388139,-0.756011486,-16.674617767, 9.065669060,64.760665894, 0.303233802,-0.645366430, 0.763041973, 0.035624348, 0.762965500, 0.646170974,-0.018619608,-0.037226964, 0.015163679,-0.999191761,135.349227905,-210.005264282,-1475.978759766, 0.131464049,,,,,,,,,,,,,,
29, 0.311580569, 0.752701283, 0.579964101, 0.777053714,-0.553124070, 0.300401896, 0.546904981, 0.357063890,-0.757232010,-16.682756424, 9.107434273,64.752677917, 0.303025842,-0.645337522, 0.763088763, 0.035142303, 0.762995958, 0.646127880,-0.018866064,-0.037102904, 0.014638456,-0.999204218,135.347290039,-210.004791260,-1475.982421875, 0.130987436,,,,,,,,,,,,,,
30, 0.312758744, 0.752893925, 0.579079211, 0.777732611,-0.552978873, 0.298908651, 0.545265079, 0.356882483,-0.758499086,-16.673925400, 9.111615181,64.731964111, 0.303192526,-0.645391405, 0.763042092, 0.035165478, 0.762948990, 0.646182835,-0.018881233,-0.037130505, 0.014643681,-0.999203146,135.347122192,-210.003341675,-1475.984008789, 0.131232530,,,,,,,,,,,,,,
31, 0.313205451, 0.752733231, 0.579046726, 0.777841985,-0.553140998, 0.298323542, 0.544852495, 0.356970251,-0.758754253,-16.673408508, 9.102395058,64.735885620, 0.304031730,-0.645305455, 0.763109088, 0.035289545, 0.763025284, 0.646098554,-0.018683091,-0.037057761, 0.014870514,-0.999202430,135.345947266,-210.004226685,-1475.983886719, 0.131040499,,,,,,,,,,,,,,
32, 0.313331097, 0.752853692, 0.578821957, 0.778201878,-0.552885354, 0.297858298, 0.544265926, 0.357112110,-0.759108365,-16.686153412, 9.102607727,64.750480652, 0.302550942,-0.645350516, 0.763076186, 0.035176773, 0.762987733, 0.646140635,-0.018762713,-0.037046522, 0.014730919,-0.999204934,135.347457886,-210.005065918,-1475.983764648, 0.131037205,,,,,,,,,,,,,,
33, 0.313092738, 0.752529085, 0.579372883, 0.778046191,-0.553074121, 0.297914803, 0.544625700, 0.357503891,-0.758665800,-16.670610428, 9.087513924,64.726051331, 0.302841336,-0.645316601, 0.763090312, 0.035491098, 0.763011873, 0.646116257,-0.018619178,-0.037139490, 0.015064863,-0.999196470,135.347824097,-210.004684448,-1475.983764648, 0.130714923,,,,,,,,,,,,,,
34, 0.313623011, 0.752442956, 0.579197824, 0.778104603,-0.553258836, 0.297418624, 0.544236898, 0.357399195,-0.758994043,-16.668237686, 9.092693329,64.729133606, 0.304518849,-0.645335615, 0.763074815, 0.035478879, 0.762994826, 0.646135330,-0.018653836,-0.037158430, 0.015032215,-0.999196291,135.348709106,-210.005020142,-1475.982421875, 0.131271899,,,,,,,,,,,,,,
35, 0.314260423, 0.752796054, 0.578393042, 0.778437197,-0.553074121, 0.296891510, 0.543392956, 0.356941402,-0.759813726,-16.673421860, 9.107776642,64.739326477, 0.304287136,-0.645366430, 0.763059258, 0.035250723, 0.762966752, 0.646161318,-0.018901451,-0.037200585, 0.014696768,-0.999199688,135.351242065,-210.005966187,-1475.983764648, 0.131560251,,,,,,,,,,,,,,
36, 0.314034492, 0.753156602, 0.578046262, 0.778019965,-0.553086042, 0.297961086, 0.544120669, 0.356161445,-0.759658933,-16.698511124, 9.084302902,64.746192932, 0.302676529,-0.645341814, 0.763076842, 0.035323173, 0.763003945, 0.646131873,-0.018400781,-0.036864638, 0.015076928,-0.999206483,135.351211548,-210.004730225,-1475.986083984, 0.131122902,,,,,,,,,,,,,,
37, 0.314089239, 0.753455579, 0.577626765, 0.778066933,-0.552919567, 0.298147351, 0.544021904, 0.355787396,-0.759904921,-16.693941116, 9.110098839,64.735618591, 0.303228885,-0.645315588, 0.763111115, 0.035061304, 0.763026476, 0.646099210,-0.018613273,-0.036857072, 0.014741266,-0.999211848,135.350524902,-210.004470825,-1475.981689453, 0.130930468,,,,,,,,,,,,,,
38, 0.315572560, 0.753738880, 0.576447487, 0.778350413,-0.553088367, 0.297092378, 0.542756438, 0.354923934,-0.761212528,-16.671447754, 9.111958504,64.724021912, 0.302801460,-0.645302713, 0.763111830, 0.035280474, 0.763017178, 0.646099746,-0.018972689,-0.037272990, 0.014676479,-0.999197304,135.349243164,-210.005172729,-1475.984619141, 0.130990714,,,,,,,,,,,,,,
39, 0.317915916, 0.753596902, 0.575344443, 0.778730750,-0.553700805, 0.294947326, 0.540840030, 0.354269952,-0.762879372,-16.690620422, 9.121918678,64.723312378, 0.302387744,-0.645328462, 0.763100445, 0.035054885, 0.763006628, 0.646115482,-0.018858742,-0.037040617, 0.014577026,-0.999207437,135.348022461,-210.004776001,-1475.983886719, 0.130953759,,,,,,,,,,,,,,
40, 0.320102930, 0.753388345, 0.574404061, 0.778940201,-0.554403186, 0.293068647, 0.539245963, 0.353614300,-0.764310598,-16.700252533, 9.108921051,64.704765320, 0.304209918,-0.645393074, 0.763039529, 0.035192728, 0.762952447, 0.646183252,-0.018730417,-0.037032999, 0.014761896,-0.999204993,135.347259521,-210.005310059,-1475.980102539, 0.130385235,,,,,,,,,,,,,,
41, 0.322435081, 0.753199100, 0.573346913, 0.779189765,-0.555114508, 0.291051716, 0.537493110, 0.352900773,-0.765873432,-16.689725876, 9.095918655,64.696235657, 0.302207708,-0.645388901, 0.763021648, 0.035654463, 0.762933493, 0.646199465,-0.018942043,-0.037493080, 0.014976998,-0.999184668,135.347335815,-210.006546021,-1475.980102539, 0.130105257,,,,,,,,,,,,,,
42, 0.324957192, 0.752374768, 0.573005259, 0.779843628,-0.555938661, 0.287708372, 0.535020292, 0.353361607,-0.767390966,-16.731477737, 9.093876839,64.692787170, 0.303386480,-0.645330071, 0.763078570, 0.035498511, 0.762995303, 0.646131992,-0.018751878,-0.037245881, 0.014984045,-0.999193788,135.346466064,-210.007293701,-1475.978759766, 0.131251067,,,,,,,,,,,,,,
43, 0.326992631, 0.751714408, 0.572713971, 0.780362725,-0.556598723, 0.285012066, 0.533019543, 0.353727818,-0.768613577,-16.770435333, 9.098830223,64.729896545, 0.303503275,-0.645309746, 0.763101757, 0.035370167, 0.763020635, 0.646105230,-0.018642943,-0.037079312, 0.014957694,-0.999200404,135.347671509,-210.008239746,-1475.978759766, 0.131301999,,,,,,,,,,,,,,
44, 0.327236205, 0.751389265, 0.573001444, 0.780640721,-0.556655943, 0.284137845, 0.532462776, 0.354328036,-0.768723011,-16.764955521, 9.118241310,64.742515564, 0.303494960,-0.645313501, 0.763098001, 0.035382681, 0.763006687, 0.646113575,-0.018921012,-0.037299819, 0.014787239,-0.999194682,135.348342896,-210.009246826,-1475.979614258, 0.131829679,,,,,,,,,,,,,,
45, 0.326866627, 0.751298487, 0.573331296, 0.780990779,-0.556345701, 0.283783317, 0.532176375, 0.355007172,-0.768608034,-16.782169342, 9.118498802,64.741043091, 0.303269297,-0.645324647, 0.763091803, 0.035313271, 0.763002872, 0.646120846,-0.018828711,-0.037184674, 0.014793497,-0.999198914,135.349288940,-210.009506226,-1475.982666016, 0.131813601,,,,,,,,,,,,,,
46, 0.327535391, 0.751489818, 0.572698593, 0.781606555,-0.556060553, 0.282644391, 0.530859470, 0.355048925,-0.769498825,-16.775753021, 9.110188484,64.753707886, 0.304382622,-0.645417571, 0.763006032, 0.035469018, 0.762915730, 0.646220982,-0.018924646,-0.037360437, 0.014845571,-0.999191582,135.351898193,-210.008743286,-1475.980346680, 0.131447837,,,,,,,,,,,,,,
47, 0.327904910, 0.751487732, 0.572489798, 0.781758785,-0.556081653, 0.282181472, 0.530407012, 0.355020255,-0.769824028,-16.789659500, 9.106191635,64.752571106, 0.305004150,-0.645456791, 0.762976110, 0.035398595, 0.762893856, 0.646253884,-0.018679783,-0.037128706, 0.014948376,-0.999198675,135.350479126,-210.007934570,-1475.980590820, 0.131330892,,,,,,,,,,,,,,
48, 0.328178614, 0.751643300, 0.572128594, 0.781818748,-0.556055129, 0.282067567, 0.530149221, 0.354732305,-0.770134270,-16.806444168, 9.119594574,64.747512817, 0.303049505,-0.645335615, 0.763090611, 0.035137698, 0.763001800, 0.646124184,-0.018756080,-0.037015904, 0.014706160,-0.999206424,135.349212646,-210.006759644,-1475.978881836, 0.131677046,,,,,,,,,,,,,,
49, 0.328466833, 0.751788318, 0.571772575, 0.781327724,-0.556406558, 0.282734305, 0.530694366, 0.353872925,-0.770154178,-16.804405212, 9.119009972,64.750122070, 0.303310066,-0.645340085, 0.763081253, 0.035258293, 0.762990594, 0.646134555,-0.018854490,-0.037169110, 0.014734186,-0.999200344,135.348159790,-210.006027222,-1475.979492188, 0.131632745,,,,,,,,,,,,,,
50, 0.329246938, 0.751856208, 0.571234345, 0.780724049,-0.557031751, 0.283170611, 0.531099260, 0.352743328,-0.770393193,-16.813577652, 9.111588478,64.780036926, 0.304017097,-0.645431876, 0.762996435, 0.035414968, 0.762905359, 0.646233201,-0.018923961,-0.037325241, 0.014804139,-0.999193490,135.346298218,-210.006271362,-1475.979614258, 0.131611034,,,,,,,,,,,,,,
51, 0.330541998, 0.751156330, 0.571407139, 0.780573368,-0.557903588, 0.281866550, 0.530515969, 0.352856457,-0.770743251,-16.812767029, 9.128390312,64.761451721, 0.303976864,-0.645366490, 0.763056338, 0.035314005, 0.762954175, 0.646167815,-0.019182507,-0.037456110, 0.014563221,-0.999192119,135.345993042,-210.005599976,-1475.975708008, 0.132491663,,,,,,,,,,,,,,
52, 0.331358403, 0.750297904, 0.572061777, 0.779727757,-0.559156060, 0.281725287, 0.531249702, 0.352700382,-0.770309150,-16.835023880, 9.121304512,64.770378113, 0.304708451,-0.645328760, 0.763086200, 0.035358418, 0.762992561, 0.646128714,-0.018973075,-0.037324183, 0.014734340,-0.999194562,135.346221924,-210.007324219,-1475.976440430, 0.131328344,,,,,,,,,,,,,,
53, 0.332431972, 0.749601722, 0.572351456, 0.779248536,-0.560166895, 0.281042278, 0.531282127, 0.352576613,-0.770343482,-16.847116470, 9.118018150,64.773681641, 0.303742528,-0.645325840, 0.763084888, 0.035440065, 0.762994707, 0.646127999,-0.018911818,-0.037330139, 0.014836297,-0.999192834,135.347244263,-210.008285522,-1475.977539063, 0.131625056,,,,,,,,,,,,,,
54, 0.333614618, 0.749107897, 0.572309852, 0.779123008,-0.560877085, 0.279971868, 0.530724645, 0.352497071,-0.770763993,-16.855274200, 9.123001099,64.781723022, 0.305015594,-0.645358622, 0.763058543, 0.035410378, 0.762959301, 0.646163046,-0.019142684,-0.037487864, 0.014662782,-0.999189496,135.346694946,-210.008956909,-1475.977050781, 0.132376641,,,,,,,,,,,,,,
55, 0.334870130, 0.748389065, 0.572517157, 0.778938591,-0.561757743, 0.278716654, 0.530204415, 0.352621824,-0.771064997,-16.888380051, 9.115645409,64.777847290, 0.304505140,-0.645376861, 0.763049781, 0.035266541, 0.762959480, 0.646171510,-0.018845228,-0.037168082, 0.014744669,-0.999200225,135.348480225,-210.009490967,-1475.980712891, 0.131875649,,,,,,,,,,,,,,
56, 0.336519539, 0.748122513, 0.571898043, 0.778907895,-0.562440872, 0.277421743, 0.529204249, 0.352098048,-0.771990836,-16.875005722, 9.131958008,64.788764954, 0.303624213,-0.645329416, 0.763089180, 0.035282083, 0.762984931, 0.646130264,-0.019227296,-0.037468962, 0.014511758,-0.999192417,135.350860596,-210.009445190,-1475.979736328, 0.131934404,,,,,,,,,,,,,,
57, 0.336932689, 0.747925997, 0.571911812, 0.778606772,-0.562869668, 0.277397305, 0.529384434, 0.351830184,-0.771989405,-16.873441696, 9.129299164,64.777061462, 0.304395288,-0.645364583, 0.763054848, 0.035382107, 0.762954175, 0.646168351,-0.019170081,-0.037490617, 0.014623234,-0.999189973,135.349151611,-210.009353638,-1475.977416992, 0.131445497,,,,,,,,,,,,,,
58, 0.336479336, 0.747921407, 0.572184563, 0.777986825,-0.563136995, 0.278591394, 0.530582786, 0.351411819,-0.771357000,-16.909677505, 9.119272232,64.794006348, 0.303681076,-0.645363033, 0.763063192, 0.035230268, 0.762974501, 0.646155477,-0.018789850,-0.037102073, 0.014753520,-0.999202549,135.349945068,-210.009323120,-1475.976318359, 0.130992010,,,,,,,,,,,,,,
59, 0.336059064, 0.747932017, 0.572417676, 0.777622581,-0.563237309, 0.279404521, 0.531382561, 0.351228505,-0.770889819,-16.907514572, 9.107806206,64.782325745, 0.304432273,-0.645357609, 0.763061583, 0.035364244, 0.762975812, 0.646154642,-0.018762486,-0.037167702, 0.014873551,-0.999198377,135.350128174,-210.008178711,-1475.978637695, 0.132100612,,,,,,,,,,,,,,
60, 0.335537970, 0.747820616, 0.572868764, 0.777105093,-0.563465238, 0.280382961, 0.532467782, 0.351100117,-0.770199180,-16.888460159, 9.109628677,64.789443970, 0.303417325,-0.645347536, 0.763059139, 0.035598457, 0.762972772, 0.646155000,-0.018873231,-0.037403513, 0.014980859,-0.999187946,135.349945068,-210.007583618,-1475.976806641, 0.130923867,,,,,,,,,,,,,,
61, 0.334806651, 0.747745156, 0.573394895, 0.777001321,-0.563334465, 0.280932754, 0.533079207, 0.351470441,-0.769607127,-16.892660141, 9.120758057,64.790153503, 0.303941071,-0.645296156, 0.763110518, 0.035429768, 0.763017833, 0.646098793,-0.018976763,-0.037372500, 0.014787914,-0.999191999,135.349899292,-210.007415771,-1475.974365234, 0.131532878,,,,,,,,,,,,,,
62, 0.333454013, 0.747595608, 0.574377239, 0.776696503,-0.563171446, 0.282100201, 0.534369707, 0.352049321,-0.768446684,-16.886220932, 9.130433083,64.788352966, 0.303602606,-0.645255923, 0.763144433, 0.035431359, 0.763050675, 0.646059096,-0.019006016,-0.037395086, 0.014772179,-0.999191344,135.349075317,-210.007492065,-1475.975463867, 0.132479802,,,,,,,,,,,,,,
63, 0.330863446, 0.747541368, 0.575943768, 0.776319325,-0.562606633, 0.284257025, 0.536523700, 0.353066027,-0.766476810,-16.914743423, 9.135147095,64.798065186, 0.303809136,-0.645354807, 0.763075292, 0.035117786, 0.762982130, 0.646144271,-0.018865706,-0.037087109, 0.014619168,-0.999205112,135.348587036,-210.006637573,-1475.972900391, 0.130736291,,,,,,,,,,,,,,
64, 0.328423768, 0.747448266, 0.577459037, 0.775957108,-0.562097251, 0.286246866, 0.538542867, 0.354073197,-0.764593899,-16.895120621, 9.126660347,64.804359436, 0.302673817,-0.645369768, 0.763049781, 0.035397641, 0.762958467, 0.646170497,-0.018924816,-0.037313484, 0.014793426,-0.999194145,135.346038818,-210.005996704,-1475.973632813, 0.131225288,,,,,,,,,,,,,,
65, 0.326315194, 0.747246146, 0.578914225, 0.775947094,-0.561515927, 0.287412614, 0.539837480, 0.355419695,-0.763054669,-16.878963470, 9.130197525,64.817138672, 0.302241147,-0.645360470, 0.763050854, 0.035542265, 0.762954533, 0.646169484,-0.019117093,-0.037553638, 0.014779714,-0.999185324,135.345031738,-210.005157471,-1475.975219727, 0.132341668,,,,,,,,,,,,,,
66, 0.324419588, 0.746853828, 0.580483675, 0.775638759,-0.561293602, 0.288676292, 0.541420758, 0.356593370,-0.761383414,-16.873950958, 9.120998383,64.844146729, 0.304115921,-0.645355582, 0.763046622, 0.035721485, 0.762958288, 0.646169186,-0.018974962,-0.037560903, 0.015008405,-0.999181628,135.346374512,-210.005096436,-1475.978271484, 0.132419229,,,,,,,,,,,,,,
67, 0.322660565, 0.746139705, 0.582379341, 0.775972486,-0.560851157, 0.288639307, 0.541993380, 0.358777851,-0.759948432,-16.910604477, 9.144626617,64.824211121, 0.303996295,-0.645321727, 0.763107121, 0.035034958, 0.763014138, 0.646107554,-0.018828005,-0.037004132, 0.014582048,-0.999208689,135.345703125,-210.004608154,-1475.979736328, 0.131078944,,,,,,,,,,,,,,
68, 0.322289735, 0.745994270, 0.582770944, 0.776102185,-0.560715675, 0.288554072, 0.542028427, 0.359291732,-0.759680629,-16.890043259, 9.133445740,64.846641541, 0.303817064,-0.645348072, 0.763068199, 0.035395388, 0.762973785, 0.646149933,-0.019007107,-0.037374444, 0.014739553,-0.999192595,135.346923828,-210.004821777,-1475.979125977, 0.130835205,,,,,,,,,,,,,,
69, 0.321771383, 0.745816350, 0.583284736, 0.775978565,-0.560715437, 0.288886428, 0.542513013, 0.359661072,-0.759159684,-16.897010803, 9.113344193,64.842247009, 0.303145766,-0.645339966, 0.763067722, 0.035553049, 0.762985945, 0.646143556,-0.018733259,-0.037267122, 0.015037158,-0.999192178,135.346740723,-210.005233765,-1475.980102539, 0.131997377,,,,,,,,,,,,,,
70, 0.321226835, 0.745885491, 0.583496451, 0.776069820,-0.560441792, 0.289172173, 0.542705119, 0.359944135,-0.758888185,-16.914302826, 9.135415077,64.836456299, 0.302666545,-0.645374298, 0.763057828, 0.035138998, 0.762968600, 0.646163046,-0.018766141,-0.037025176, 0.014698770,-0.999206185,135.347671509,-210.005599976,-1475.981201172, 0.131801799,,,,,,,,,,,,,,
71, 0.320800453, 0.745940268, 0.583661079, 0.776052713,-0.560285866, 0.289520264, 0.542981863, 0.360073537,-0.758628905,-16.923177719, 9.134893417,64.825904846, 0.303777993,-0.645376086, 0.763063014, 0.034992974, 0.762976229, 0.646157622,-0.018642806,-0.036836613, 0.014667187,-0.999213636,135.349990845,-210.006454468,-1475.977294922, 0.131542251,,,,,,,,,,,,,,
72, 0.321226895, 0.746262431, 0.583014309, 0.775857210,-0.560395598, 0.289831609, 0.543009102, 0.359234124,-0.759007215,-16.868684769, 9.121634483,64.835830688, 0.302411050,-0.645366132, 0.763038158, 0.035710521, 0.762947917, 0.646180034,-0.019021314,-0.037589416, 0.014969558,-0.999181092,135.350006104,-210.007095337,-1475.976806641, 0.131106377,,,,,,,,,,,,,,
73, 0.321102440, 0.746121049, 0.583263695, 0.775888443,-0.560404241, 0.289731205, 0.543038011, 0.359514177,-0.758853912,-16.889486313, 9.132034302,64.830772400, 0.303306013,-0.645314276, 0.763098419, 0.035359737, 0.763003528, 0.646114767,-0.019006694,-0.037350427, 0.014714315,-0.999193847,135.352142334,-210.006408691,-1475.978149414, 0.131157801,,,,,,,,,,,,,,
74, 0.320750862, 0.745837092, 0.583820164, 0.775767922,-0.560509503, 0.289850384, 0.543417871, 0.359939188,-0.758380413,-16.942331314, 9.143508911,64.844902039, 0.304180831,-0.645355284, 0.763090909, 0.034767106, 0.763000786, 0.646128535,-0.018645946,-0.036692575, 0.014494070,-0.999221444,135.350860596,-210.006256104,-1475.978759766, 0.131890059,,,,,,,,,,,,,,
75, 0.321434706, 0.745697618, 0.583622158, 0.775849104,-0.560749650, 0.289167970, 0.542897761, 0.359854072,-0.758793175,-16.904191971, 9.134458542,64.838279724, 0.303257555,-0.645352662, 0.763071597, 0.035236601, 0.762977004, 0.646147788,-0.018950341,-0.037228517, 0.014655063,-0.999199331,135.350921631,-210.007217407,-1475.980346680, 0.131905809,,,,,,,,,,,,,,
76, 0.322289705, 0.745344579, 0.583601594, 0.775778055,-0.561251879, 0.288383067, 0.542492270, 0.359802395,-0.759107649,-16.891695023, 9.142100334,64.864578247, 0.303435236,-0.645266354, 0.763141334, 0.035308033, 0.763039887, 0.646067202,-0.019164266,-0.037436407, 0.014575381,-0.999192655,135.350540161,-210.006256104,-1475.977783203, 0.131465331,,,,,,,,,,,,,,
77, 0.322228879, 0.744984746, 0.584094465, 0.775782168,-0.561406851, 0.288070023, 0.542522371, 0.360305607,-0.758847356,-16.902599335, 9.129057884,64.859489441, 0.304893702,-0.645336509, 0.763081968, 0.035308242, 0.762990296, 0.646133542,-0.018900035,-0.037236117, 0.014742964,-0.999197721,135.348190308,-210.005142212,-1475.975097656, 0.131641090,,,,,,,,,,,,,,
78, 0.321780682, 0.744757533, 0.584631026, 0.775876343,-0.561309457, 0.288006335, 0.542653799, 0.360926479,-0.758458257,-16.904027939, 9.129468918,64.842071533, 0.303613812,-0.645345628, 0.763076186, 0.035266321, 0.762987852, 0.646139562,-0.018794607,-0.037128683, 0.014778757,-0.999201179,135.345977783,-210.005950928,-1475.976928711, 0.132361874,,,,,,,,,,,,,,
79, 0.321245193, 0.744823396, 0.584841609, 0.775923133,-0.561070323, 0.288346052, 0.542904139, 0.361162305,-0.758166850,-16.885227203, 9.145777702,64.856468201, 0.303574294,-0.645312846, 0.763103366, 0.035278000, 0.763000369, 0.646113038,-0.019193882,-0.037440494, 0.014531069,-0.999193192,135.344100952,-210.004577637,-1475.974365234, 0.132357955,,,,,,,,,,,,,,
80, 0.320374012, 0.744640708, 0.585551620, 0.775976717,-0.560838819, 0.288652003, 0.543342113, 0.361897826,-0.757502019,-16.887624741, 9.143867493,64.840682983, 0.303524792,-0.645315707, 0.763102114, 0.035253458, 0.763004124, 0.646112859,-0.019049698,-0.037314579, 0.014605464,-0.999196827,135.344604492,-210.005050659,-1475.978759766, 0.131442681,,,,,,,,,,,,,,
81, 0.319251895, 0.744839549, 0.585911453, 0.775921941,-0.560408235, 0.289633632, 0.544080198, 0.362155497,-0.756848812,-16.892782211, 9.126756668,64.866737366, 0.303179175,-0.645349085, 0.763067245, 0.035396844, 0.762971282, 0.646151602,-0.019049663,-0.037407901, 0.014713092,-0.999191701,135.345352173,-210.006958008,-1475.978637695, 0.131850556,,,,,,,,,,,,,,
82, 0.317864716, 0.744596362, 0.586973786, 0.776065052,-0.559976280, 0.290085584, 0.544688106, 0.363321871,-0.755851924,-16.875736237, 9.121652603,64.836448669, 0.303453565,-0.645360112, 0.763052940, 0.035504289, 0.762962520, 0.646165073,-0.018944794,-0.037397515, 0.014862226,-0.999189913,135.345794678,-210.005722046,-1475.975952148, 0.131406084,,,,,,,,,,,,,,
83, 0.316138446, 0.744466066, 0.588070393, 0.775823712,-0.559632003, 0.291392475, 0.546034813, 0.364118606,-0.754495561,-16.878349304, 9.140280724,64.857078552, 0.304760456,-0.645267427, 0.763140261, 0.035312258, 0.763045132, 0.646066010,-0.018996999,-0.037311424, 0.014686702,-0.999195755,135.347442627,-210.005310059,-1475.976928711, 0.132002205,,,,,,,,,,,,,,
84, 0.314832658, 0.744636953, 0.588554382, 0.775848866,-0.559098482, 0.292348206, 0.546753109, 0.364588439,-0.753748178,-16.885387421, 9.136538506,64.870193481, 0.304175913,-0.645306289, 0.763108253, 0.035292797, 0.763015091, 0.646103263,-0.018935714,-0.037252791, 0.014709603,-0.999197543,135.348205566,-210.005966187,-1475.978271484, 0.131186381,,,,,,,,,,,,,,
85, 0.314069122, 0.744841218, 0.588703692, 0.776459098,-0.558336318, 0.292184472, 0.546325743, 0.365338206,-0.753694952,-16.883041382, 9.132234573,64.844955444, 0.302450716,-0.645351708, 0.763072014, 0.035244521, 0.762979150, 0.646146476,-0.018906301,-0.037199993, 0.014689622,-0.999199808,135.350631714,-210.006973267,-1475.978881836, 0.131580710,,,,,,,,,,,,,,
86, 0.312844992, 0.744955003, 0.589211464, 0.776240766,-0.558019102, 0.293368489, 0.547337532, 0.365591079,-0.752837837,-16.876592636, 9.123547554,64.864105225, 0.303799659,-0.645334959, 0.763078034, 0.035423189, 0.762989283, 0.646135807,-0.018868372,-0.037286229, 0.014851092,-0.999194264,135.350372314,-210.006408691,-1475.978271484, 0.131202891,,,,,,,,,,,,,,
87, 0.311781526, 0.744954407, 0.589775562, 0.776373327,-0.557576716, 0.293858171, 0.547756076, 0.366266489,-0.752204835,-16.865455627, 9.146692276,64.874038696, 0.302176923,-0.645334542, 0.763085008, 0.035277922, 0.762988031, 0.646132410,-0.019032519,-0.037317637, 0.014634288,-0.999196291,135.350265503,-210.003997803,-1475.975585938, 0.132118851,,,,,,,,,,,,,,
88, 0.310268372, 0.744694293, 0.590900958, 0.776001751,-0.557450354, 0.295077085, 0.549140155, 0.366987050,-0.750843287,-16.847515106, 9.117094994,64.878814697, 0.302194089,-0.645337582, 0.763067544, 0.035599384, 0.762977242, 0.646146655,-0.018978665,-0.037484426, 0.014913873,-0.999185860,135.351455688,-210.003707886,-1475.979736328, 0.132892773,,,,,,,,,,,,,,
89, 0.310161769, 0.744031727, 0.591790855, 0.775684118,-0.557957649, 0.294953257, 0.549648821, 0.367559552,-0.750190735,-16.841657639, 9.113183975,64.904365540, 0.303130239,-0.645326018, 0.763076425, 0.035619549, 0.762992680, 0.646133363,-0.018812010,-0.037369978, 0.015037576,-0.999188304,135.348739624,-210.003921509,-1475.980468750, 0.132193983,,,,,,,,,,,,,,
90, 0.311176002, 0.743070304, 0.592466056, 0.775762618,-0.558720112, 0.293298870, 0.548964381, 0.368345439,-0.750306487,-16.834171295, 9.117526054,64.932556152, 0.302606761,-0.645298481, 0.763104320, 0.035519511, 0.763016582, 0.646103084,-0.018881528,-0.037357844, 0.014917755,-0.999190569,135.347793579,-210.004425049,-1475.978027344, 0.132043853,,,,,,,,,,,,,,
91, 0.312896281, 0.741575599, 0.593432069, 0.775929630,-0.559913516, 0.290568590, 0.547749162, 0.369543672,-0.750605345,-16.849283218, 9.116464615,64.954170227, 0.303699017,-0.645321071, 0.763096988, 0.035266683, 0.763013005, 0.646113217,-0.018677808,-0.037039250, 0.014855755,-0.999203384,135.347290039,-210.005020142,-1475.976928711, 0.131995335,,,,,,,,,,,,,,
92, 0.315600127, 0.739958346, 0.594018698, 0.776369691,-0.561291754, 0.286708415, 0.545570076, 0.370692879,-0.751624942,-16.826732635, 9.120946884,64.977226257, 0.302806437,-0.645295084, 0.763116837, 0.035311423, 0.763025880, 0.646091998,-0.018884428,-0.037225455, 0.014757503,-0.999197900,135.345733643,-210.005111694,-1475.975463867, 0.132136196,,,,,,,,,,,,,,
93, 0.318479210, 0.738479197, 0.594322741, 0.776985824,-0.562520921, 0.282600939, 0.543013871, 0.371777833,-0.752939105,-16.824659348, 9.110603333,65.011352539, 0.302674949,-0.645352125, 0.763069272, 0.035298724, 0.762974858, 0.646149755,-0.018971315,-0.037284691, 0.014688861,-0.999196708,135.345489502,-210.006332397,-1475.976318359, 0.132367343,,,,,,,,,,,,,,
94, 0.321112931, 0.737111390, 0.594603360, 0.777340114,-0.563778222, 0.279099315, 0.540951788, 0.372586668,-0.754022717,-16.818008423, 9.108256340,65.069770813, 0.304699272,-0.645398259, 0.763031483, 0.035270490, 0.762935758, 0.646195233,-0.018992394,-0.037283417, 0.014651459,-0.999197304,135.345947266,-210.006134033,-1475.978759766, 0.132902354,,,,,,,,,,,,,,
95, 0.322455615, 0.736229718, 0.594969094, 0.777416945,-0.564570785, 0.277277172, 0.540041864, 0.373129487,-0.754406512,-16.811059952, 9.098507881,65.140975952, 0.304545730,-0.645334542, 0.763086975, 0.035236869, 0.762988746, 0.646131039,-0.019050090,-0.037304509, 0.014591653,-0.999197364,135.346710205,-210.006805420,-1475.977661133, 0.132751316,,,,,,,,,,,,,,
96, 0.324784786, 0.735685587, 0.594374835, 0.777396560,-0.565585792, 0.275258541, 0.538673759, 0.372665197,-0.755613148,-16.814346313, 9.084725380,65.244964600, 0.305976421,-0.645358682, 0.763066888, 0.035228420, 0.762977123, 0.646151483,-0.018817857,-0.037122183, 0.014734212,-0.999202073,135.346328735,-210.006637573,-1475.976806641, 0.131506532,,,,,,,,,,,,,,
97, 0.326056123, 0.735067725, 0.594443321, 0.778036177,-0.565833688, 0.272932082, 0.536979616, 0.373507202,-0.756402791,-16.781196594, 9.093854904,65.305076599, 0.304185092,-0.645344257, 0.763072550, 0.035371080, 0.762974441, 0.646146476,-0.019097796,-0.037427902, 0.014662577,-0.999191761,135.345779419,-210.005554199,-1475.978271484, 0.131711841,,,,,,,,,,,,,,
98, 0.325454324, 0.734905541, 0.594973385, 0.778382957,-0.565474331, 0.272688031, 0.536842108, 0.374369621,-0.756074011,-16.769113541, 9.083822250,65.352462769, 0.303913832,-0.645349622, 0.763059676, 0.035549246, 0.762962699, 0.646159172,-0.019137209,-0.037573304, 0.014772556,-0.999184668,135.347290039,-210.006057739,-1475.979003906, 0.131806955,,,,,,,,,,,,,,
99, 0.324769586, 0.735018790, 0.595207512, 0.778934121,-0.564818501, 0.272473335, 0.536457300, 0.375136405,-0.755967140,-16.757286072, 9.091439247,65.368888855, 0.305022508,-0.645369053, 0.763047695, 0.035454020, 0.762946129, 0.646176219,-0.019221375,-0.037576370, 0.014644628,-0.999186397,135.347839355,-210.005874634,-1475.980468750, 0.131846994,,,,,,,,,,,,,,
100, 0.323682874, 0.735256076, 0.595506430, 0.779278874,-0.564120293, 0.272933513, 0.536613286, 0.375721693,-0.755565584,-16.765537262, 9.099611282,65.392616272, 0.303412914,-0.645380378, 0.763048708, 0.035226308, 0.762950003, 0.646176636,-0.019055547,-0.037302725, 0.014577837,-0.999197662,135.348495483,-210.005874634,-1475.980712891, 0.131977409,,,,,,,,,,,,,,
101, 0.321800828, 0.735465825, 0.596266925, 0.779223025,-0.563458025, 0.274456799, 0.537824988, 0.376304448,-0.754413128,-16.733072281, 9.112965584,65.393516541, 0.304211885,-0.645333946, 0.763084710, 0.035295542, 0.762982905, 0.646134436,-0.019166887,-0.037431624, 0.014560851,-0.999193072,135.349563599,-210.005813599,-1475.977539063, 0.132694662,,,,,,,,,,,,,,
102, 0.319869876, 0.735800028, 0.596893251, 0.779296219,-0.562629521, 0.275944501, 0.538869739, 0.376890361,-0.753374457,-16.728609085, 9.121435165,65.404479980, 0.306287289,-0.645333230, 0.763093412, 0.035120383, 0.762989819, 0.646126866,-0.019147247,-0.037303362, 0.014440141,-0.999199629,135.350097656,-210.006057739,-1475.979125977, 0.132345185,,,,,,,,,,,,,,
103, 0.318799019, 0.735920191, 0.597317874, 0.779223919,-0.562277853, 0.276863962, 0.539608419, 0.377180427,-0.752700269,-16.691135406, 9.109179497,65.434532166, 0.305261225,-0.645306826, 0.763098776, 0.035487801, 0.762995422, 0.646116197,-0.019283285,-0.037644293, 0.014633394,-0.999184012,135.350936890,-210.004425049,-1475.978271484, 0.132931501,,,,,,,,,,,,,,
104, 0.318809927, 0.735766649, 0.597501218, 0.778826416,-0.562630296, 0.277266383, 0.540175617, 0.376954466,-0.752406538,-16.693847656, 9.085934639,65.524864197, 0.304958463,-0.645261049, 0.763132393, 0.035595890, 0.763045311, 0.646068752,-0.018894091,-0.037416086, 0.014969655,-0.999187589,135.349548340,-210.004959106,-1475.977661133, 0.132470518,,,,,,,,,,,,,,
105, 0.319450259, 0.735610127, 0.597351909, 0.778775752,-0.562945426, 0.276768565, 0.539870262, 0.376789361,-0.752708375,-16.669071198, 9.086771965,65.604621887, 0.305340737,-0.645326257, 0.763078094, 0.035579000, 0.762986302, 0.646135092,-0.019011520,-0.037496112, 0.014877656,-0.999186039,135.347763062,-210.004943848,-1475.978271484, 0.132037848,,,,,,,,,,,,,,
106, 0.319715261, 0.735512316, 0.597330511, 0.778641582,-0.563170016, 0.276689172, 0.539906919, 0.376644641,-0.752754509,-16.654216766, 9.093042374,65.705490112, 0.304885834,-0.645296693, 0.763105035, 0.035536401, 0.763007104, 0.646106064,-0.019158904,-0.037580542, 0.014751351,-0.999184728,135.346984863,-210.002868652,-1475.976806641, 0.132159546,,,,,,,,,,,,,,
107, 0.318619728, 0.735234678, 0.598257005, 0.778554499,-0.563005209, 0.277269006, 0.540679574, 0.377432317,-0.751804829,-16.664533615, 9.088044167,65.784156799, 0.303173810,-0.645326138, 0.763090193, 0.035320818, 0.763003528, 0.646121681,-0.018771144,-0.037145622, 0.014836399,-0.999199688,135.345611572,-210.002777100,-1475.975585938, 0.132453382,,,,,,,,,,,,,,
108, 0.317958355, 0.735224724, 0.598620892, 0.778037786,-0.563155890, 0.278410822, 0.541811466, 0.377226651,-0.751092792,-16.611608505, 9.092514038,65.905433655, 0.304397970,-0.645299733, 0.763103008, 0.035525896, 0.763009548, 0.646106899,-0.019035317,-0.037479430, 0.014823112,-0.999187410,135.343841553,-210.003326416,-1475.977416992, 0.132096618,,,,,,,,,,,,,,
