Number of frames: 3436
Frequency: 100
Units: mm

Frame,Digitizing Probe R00,Digitizing Probe R01,Digitizing Probe R02,Digitizing Probe R10,Digitizing Probe R11,Digitizing Probe R12,Digitizing Probe R20,Digitizing Probe R21,Digitizing Probe R22,Digitizing Probe x,Digitizing Probe y,Digitizing Probe z,Digitizing Probe Error,HumMarker R00,HumMarker R01,HumMarker R02,HumMarker R10,HumMarker R11,HumMarker R12,HumMarker R20,HumMarker R21,HumMarker R22,HumMarker x,HumMarker y,HumMarker z,HumMarker Error,StemMarker R00,StemMarker R01,StemMarker R02,StemMarker R10,StemMarker R11,StemMarker R12,StemMarker R20,StemMarker R21,StemMarker R22,StemMarker x,StemMarker y,StemMarker z,StemMarker Error
1, 0.621625423, 0.766425371, 0.161783665, 0.777805150,-0.628397644,-0.011642451, 0.092741407, 0.133073404,-0.986757576,-20.614242554, 3.232661486,62.764686584, 0.325718671,-0.579418123, 0.814393997,-0.032204073, 0.813350737, 0.580307901, 0.041272510, 0.052300360,-0.002279168,-0.998628795,135.829437256,-241.226577759,-1586.369506836, 0.142964929,-0.188051209, 0.975572646,-0.113555066,-0.981111288,-0.191930413,-0.024154972,-0.045359600, 0.106867783, 0.993238032,-99.158912659,297.700378418,-136.072418213, 0.107963562,
2, 0.622035325, 0.766059637, 0.161940500, 0.777520120,-0.628737390,-0.012317302, 0.092382260, 0.133573800,-0.986723602,-20.628398895, 3.231315613,62.763874054, 0.325515747,-0.579385698, 0.814412713,-0.032313436, 0.813358605, 0.580281734, 0.041483074, 0.052535240,-0.002247712,-0.998616576,135.830474854,-241.227249146,-1586.369506836, 0.143050820,-0.188089997, 0.975586176,-0.113374375,-0.981110573,-0.191948622,-0.024038563,-0.045213744, 0.106711380, 0.993261516,-99.115653992,297.708068848,-136.086151123, 0.109406009,
3, 0.622280002, 0.765991688, 0.161320820, 0.777386367,-0.628898680,-0.012526556, 0.091859214, 0.133203626,-0.986822546,-20.599445343, 3.238061666,62.800155640, 0.326074153,-0.579404354, 0.814406991,-0.032120485, 0.813378632, 0.580289125, 0.040984221, 0.052017011,-0.002379678,-0.998643339,135.830780029,-241.226562500,-1586.368896484, 0.144078255,-0.188076541, 0.975672007,-0.112655818,-0.981121898,-0.191896722,-0.023986630,-0.045021366, 0.106017776, 0.993344486,-99.188911438,297.691192627,-136.073150635, 0.109656550,
4, 0.622381926, 0.766003668, 0.160869807, 0.777410626,-0.628852308,-0.013322389, 0.090958342, 0.133353502,-0.986885667,-20.598041534, 3.239565372,62.786685944, 0.327316403,-0.579444468, 0.814378321,-0.032125290, 0.813347936, 0.580329537, 0.041021775, 0.052050501,-0.002359198,-0.998641670,135.831176758,-241.225418091,-1586.369995117, 0.143417507,-0.188034758, 0.975677431,-0.112678885,-0.981134295,-0.191845641,-0.023891943,-0.044927780, 0.106060594, 0.993344188,-99.199691772,297.689147949,-136.074401855, 0.108680494,
5, 0.622284174, 0.766026378, 0.161139563, 0.777445555,-0.628814697,-0.013053582, 0.091327541, 0.133400276,-0.986845255,-20.611507416, 3.233114243,62.795955658, 0.327897370,-0.579458117, 0.814365923,-0.032193258, 0.813328564, 0.580347061, 0.041157488, 0.052200519,-0.002334655,-0.998633862,135.831878662,-241.225280762,-1586.371582031, 0.143547788,-0.187972814, 0.975633383,-0.113162257,-0.981148243,-0.191790894,-0.023757227,-0.044881836, 0.106563240, 0.993292451,-99.186134338,297.691345215,-136.082443237, 0.107794620,
6, 0.622384787, 0.765764892, 0.161991730, 0.777385235,-0.628869116,-0.013993280, 0.091156043, 0.134639189,-0.986692846,-20.632772446, 3.242634773,62.761447906, 0.326577455,-0.579393625, 0.814399004,-0.032516293, 0.813344657, 0.580300331, 0.041496545, 0.052663960,-0.002404120,-0.998609364,135.832885742,-241.225585938,-1586.371948242, 0.142662823,-0.187950745, 0.975520849,-0.114164300,-0.981146336,-0.191807941,-0.023698123,-0.045015637, 0.107557803, 0.993179202,-99.104660034,297.688201904,-136.145950317, 0.107279949,
7, 0.622556269, 0.765751064, 0.161397263, 0.777357161,-0.628886998,-0.014731830, 0.090219729, 0.134634718,-0.986779571,-20.602781296, 3.237063169,62.798809052, 0.326402843,-0.579420865, 0.814391732,-0.032209788, 0.813357115, 0.580310583, 0.041107662, 0.052169427,-0.002379421,-0.998635411,135.831985474,-241.224456787,-1586.371582031, 0.143857062,-0.188088402, 0.975575984,-0.113464549,-0.981138349,-0.191883773,-0.023412136,-0.044612326, 0.106920876, 0.993266165,-99.176582336,297.687530518,-136.091201782, 0.108787209,
8, 0.622838140, 0.765503824, 0.161482573, 0.777219594,-0.629030228,-0.015834246, 0.089456245, 0.135369584,-0.986748517,-20.598070145, 3.240747690,62.820491791, 0.327259809,-0.579408407, 0.814396441,-0.032316152, 0.813368678, 0.580303371, 0.040981125, 0.052128054,-0.002540139,-0.998637199,135.831375122,-241.223754883,-1586.366455078, 0.144131333,-0.188089848, 0.975596309,-0.113287166,-0.981142640,-0.191869915,-0.023344316,-0.044511031, 0.106760047, 0.993287981,-99.178230286,297.665069580,-136.132629395, 0.108557887,
9, 0.623188615, 0.765203059, 0.161555544, 0.777029335,-0.629235327,-0.016978854, 0.088664189, 0.136114419,-0.986717522,-20.605554581, 3.252964735,62.837009430, 0.326040834,-0.579367459, 0.814414680,-0.032589279, 0.813386321, 0.580276787, 0.041007269, 0.052307725,-0.002749398,-0.998627186,135.829010010,-241.224670410,-1586.362426758, 0.143516451,-0.188042819, 0.975574315,-0.113554411,-0.981137097,-0.191864565,-0.023621785,-0.044831876, 0.106970541, 0.993250906,-99.141311646,297.641815186,-136.205947876, 0.108069614,
10, 0.623366356, 0.764891863, 0.162341744, 0.776864052,-0.629427552,-0.017413160, 0.088863179, 0.136972249,-0.986580968,-20.601829529, 3.231928587,62.786010742, 0.324744403,-0.579410136, 0.814394414,-0.032337204, 0.813348591, 0.580307007, 0.041327138, 0.052422095,-0.002356057,-0.998622239,135.825912476,-241.227233887,-1586.368164063, 0.142892465,-0.188002482, 0.975626230,-0.113174558,-0.981124640,-0.191862971,-0.024145655,-0.045271143, 0.106498905, 0.993281662,-99.141410828,297.691223145,-136.104904175, 0.108512677,
11, 0.623397350, 0.764913082, 0.162122548, 0.776828110,-0.629480004,-0.017117102, 0.088959813, 0.136612117,-0.986622155,-20.594003677, 3.206416130,62.800045013, 0.326300561,-0.579403281, 0.814415157,-0.031934738, 0.813366055, 0.580279171, 0.041373808, 0.052226521,-0.002002513,-0.998633265,135.824890137,-241.227005005,-1586.366577148, 0.142654762,-0.188154042, 0.975635409,-0.112843797,-0.981105030,-0.191983253,-0.023986824,-0.045066509, 0.106198393, 0.993323207,-99.163955688,297.740447998,-135.979080200, 0.108540967,
12, 0.623258829, 0.764993548, 0.162275374, 0.776881814,-0.629428267,-0.016575590, 0.089460492, 0.136399671,-0.986606300,-20.582555771, 3.231454849,62.819026947, 0.325810492,-0.579397976, 0.814411342,-0.032127004, 0.813379526, 0.580283284, 0.041050185, 0.052074496,-0.002347052,-0.998640478,135.825637817,-241.227279663,-1586.367309570, 0.143442154,-0.188215107, 0.975595474,-0.113086857,-0.981121838,-0.191982061,-0.023299471,-0.044441503, 0.106566668, 0.993311942,-99.181068420,297.693817139,-136.068115234, 0.108575679,
13, 0.622871637, 0.765293956, 0.162345603, 0.777197540,-0.629037619,-0.016603842, 0.089414679, 0.136516660,-0.986594260,-20.594219208, 3.248796701,62.802631378, 0.325369179,-0.579469502, 0.814344704,-0.032523602, 0.813316226, 0.580375314, 0.041003343, 0.052266750,-0.002691786,-0.998629510,135.828567505,-241.227096558,-1586.368041992, 0.142747745,-0.187999025, 0.975631118,-0.113138199,-0.981150866,-0.191798106,-0.023588927,-0.044713788, 0.106570952, 0.993299186,-99.182952881,297.636016846,-136.191619873, 0.109229483,
14, 0.622465253, 0.765654564, 0.162203729, 0.777470767,-0.628720045,-0.015820960, 0.089867346, 0.135956660,-0.986630440,-20.611763000, 3.227550268,62.840579987, 0.326518446,-0.579529941, 0.814303696,-0.032473218, 0.813256979, 0.580433905, 0.041346204, 0.052516922,-0.002447709,-0.998617053,135.831863403,-241.226684570,-1586.365356445, 0.143894911,-0.187986284, 0.975604892,-0.113385119,-0.981143296,-0.191815272,-0.023763470,-0.044932757, 0.106779844, 0.993266881,-99.174324036,297.660705566,-136.140411377, 0.109228618,
15, 0.622222245, 0.765745819, 0.162704602, 0.777643263,-0.628503799,-0.015935339, 0.090058036, 0.136441454,-0.986546159,-20.629720688, 3.230432510,62.839015961, 0.325128198,-0.579462707, 0.814341545,-0.032723099, 0.813281715, 0.580380559, 0.041609086, 0.052875858,-0.002502184,-0.998597920,135.832931519,-241.226287842,-1586.368408203, 0.142531946,-0.187979445, 0.975566268,-0.113728732,-0.981129050,-0.191853717,-0.024038767,-0.045270689, 0.107063770, 0.993220985,-99.104469299,297.660583496,-136.197875977, 0.108351558,
16, 0.622419178, 0.765706658, 0.162134707, 0.777556181,-0.628602505,-0.016287476, 0.089446850, 0.136206478,-0.986634195,-20.608346939, 3.221177101,62.861568451, 0.327252865,-0.579379857, 0.814410269,-0.032478679, 0.813356936, 0.580284595, 0.041476224, 0.052625541,-0.002386268,-0.998611450,135.833877563,-241.225265503,-1586.368164063, 0.142497465,-0.188052282, 0.975594401,-0.113366693,-0.981101692,-0.191948712,-0.024395678,-0.045560874, 0.106636591, 0.993253708,-99.104591370,297.688873291,-136.141418457, 0.109351501,
17, 0.622822165, 0.765548110, 0.161334053, 0.777375937,-0.628798246,-0.017303793, 0.088199675, 0.136194393,-0.986748159,-20.605155945, 3.231412172,62.897315979, 0.327364653,-0.579345286, 0.814428210,-0.032645140, 0.813381076, 0.580258548, 0.041365679, 0.052631997,-0.002587928,-0.998610616,135.834503174,-241.224777222,-1586.367919922, 0.142273292,-0.188112468, 0.975542784,-0.113709733,-0.981120944,-0.191944197,-0.023645187,-0.044892818, 0.107115053, 0.993232608,-99.091712952,297.665557861,-136.198455811, 0.109585695,
18, 0.623116434, 0.765464246, 0.160593987, 0.777249157,-0.628935754,-0.017988933, 0.087233417, 0.136030748,-0.986856639,-20.587387085, 3.225575686,62.913887024, 0.326836437,-0.579471290, 0.814343214,-0.032529943, 0.813306808, 0.580377758, 0.041154195, 0.052393291,-0.002609150,-0.998623133,135.833938599,-241.223678589,-1586.368408203, 0.142200887,-0.187965035, 0.975586534,-0.113578334,-0.981157064,-0.191775680,-0.023512758,-0.044720296, 0.107018612, 0.993250787,-99.167915344,297.645965576,-136.183273315, 0.109322675,
19, 0.623499334, 0.765300035, 0.159888774, 0.777051210,-0.629158437,-0.018737717, 0.086255394, 0.135924712,-0.986957192,-20.581951141, 3.214240313,62.916221619, 0.327505857,-0.579440415, 0.814368308,-0.032450158, 0.813330054, 0.580342889, 0.041187454, 0.052373976,-0.002527012,-0.998624325,135.833236694,-241.223953247,-1586.366333008, 0.142377034,-0.187987328, 0.975622237,-0.113234334,-0.981136739,-0.191827744,-0.023933882,-0.045071915, 0.106599100, 0.993279994,-99.159622192,297.662872314,-136.154144287, 0.109198906,
20, 0.623702407, 0.765249550, 0.159337357, 0.776939690,-0.629290640,-0.018920479, 0.085790627, 0.135596275,-0.987042904,-20.585683823, 3.225490093,62.949497223, 0.326798588,-0.579328001, 0.814439893,-0.032661669, 0.813411772, 0.580241203, 0.041005876, 0.052348465,-0.002811534,-0.998624921,135.831054688,-241.223510742,-1586.367797852, 0.142563775,-0.188149661, 0.975573063,-0.113388017,-0.981123209,-0.191951007,-0.023496831,-0.044687822, 0.106826693, 0.993272901,-99.120605469,297.638275146,-136.237091064, 0.108598568,
21, 0.623531401, 0.765388429, 0.159339502, 0.777051628,-0.629162133,-0.018593809, 0.086018898, 0.135408849,-0.987048686,-20.596208572, 3.204253197,62.963642120, 0.325758308,-0.579396009, 0.814392745,-0.032630522, 0.813351750, 0.580308139, 0.041248221, 0.052528005,-0.002641035,-0.998615921,135.831649780,-241.223236084,-1586.368164063, 0.143366098,-0.188181043, 0.975531876,-0.113690294,-0.981118143,-0.191987246,-0.023413189,-0.044667397, 0.107137680, 0.993240356,-99.121765137,297.649688721,-136.206039429, 0.108763002,
22, 0.623287916, 0.765559554, 0.159470215, 0.777248383,-0.628917098,-0.018661775, 0.086006843, 0.135579616,-0.987026334,-20.598493576, 3.212634087,62.974994659, 0.324410200,-0.579425395, 0.814361036,-0.032899413, 0.813325644, 0.580351293, 0.041155744, 0.052608851,-0.002911254,-0.998610973,135.831100464,-241.224655151,-1586.368774414, 0.143315718,-0.188029200, 0.975541472,-0.113859266,-0.981154621,-0.191822514,-0.023231134,-0.044503704, 0.107345417, 0.993225217,-99.123046875,297.609741211,-136.295822144, 0.109023206,
23, 0.623293757, 0.765571356, 0.159390345, 0.777267337,-0.628887415,-0.018869841, 0.085792378, 0.135650367,-0.987035275,-20.588253021, 3.185251474,62.974262238, 0.325497150,-0.579388976, 0.814399719,-0.032581199, 0.813353419, 0.580298781, 0.041346837, 0.052579679,-0.002544127,-0.998613536,135.830337524,-241.225082397,-1586.368530273, 0.142521605,-0.188130498, 0.975531161,-0.113779895,-0.981133938,-0.191924393,-0.023264268,-0.044532154, 0.107256591, 0.993233562,-99.112449646,297.664093018,-136.184249878, 0.108874351,
24, 0.623214304, 0.765605509, 0.159536883, 0.777313232,-0.628833652,-0.018767975, 0.085953310, 0.135706618,-0.987013519,-20.587047577, 3.157021284,62.990966797, 0.325645983,-0.579444051, 0.814370036,-0.032341324, 0.813309610, 0.580341697, 0.041604087, 0.052650146,-0.002196272,-0.998610556,135.831558228,-241.225616455,-1586.368774414, 0.143828124,-0.188118458, 0.975543737,-0.113692075,-0.981126845,-0.191932976,-0.023492863,-0.044739574, 0.107126907, 0.993238270,-99.123474121,297.703460693,-136.087646484, 0.108085372,
25, 0.623149872, 0.765752912, 0.159080714, 0.777358592,-0.628791273,-0.018305896, 0.086010776, 0.135070071,-0.987095833,-20.578044891, 3.141592741,63.046318054, 0.325733483,-0.579465628, 0.814362526,-0.032142818, 0.813306749, 0.580352664, 0.041507792, 0.052456565,-0.002089630,-0.998620987,135.831451416,-241.226455688,-1586.369140625, 0.143533364,-0.188067198, 0.975597441,-0.113314882,-0.981123149,-0.191904947,-0.023870734,-0.045033917, 0.106686555, 0.993272305,-99.156311035,297.717895508,-136.035888672, 0.108707197,
26, 0.622978210, 0.765878260, 0.159149513, 0.777434945,-0.628716350,-0.017623991, 0.086562067, 0.134707764,-0.987097144,-20.570009232, 3.132792711,63.061218262, 0.325792015,-0.579485834, 0.814351797,-0.032050099, 0.813294768, 0.580368042, 0.041527566, 0.052418903,-0.002001541,-0.998623133,135.831527710,-241.227432251,-1586.371337891, 0.144437477,-0.188058838, 0.975619256,-0.113141261,-0.981114388,-0.191916868,-0.024134008,-0.045259319, 0.106465906, 0.993285775,-99.167335510,297.728302002,-136.007324219, 0.108791463,
27, 0.622558534, 0.766111314, 0.159669429, 0.777699828,-0.628401816,-0.017147778, 0.087199457, 0.134850398,-0.987021565,-20.577728271, 3.120181322,63.057067871, 0.324946135,-0.579446971, 0.814378738,-0.032069042, 0.813310444, 0.580330610, 0.041742332, 0.052604720,-0.001894620,-0.998613596,135.831192017,-241.226654053,-1586.370971680, 0.144483283,-0.188092768, 0.975557208,-0.113618843,-0.981108010,-0.191962063,-0.024033429,-0.045256492, 0.106951840, 0.993233681,-99.130157471,297.745452881,-135.992584229, 0.108861640,
28, 0.622197151, 0.766364396, 0.159863576, 0.777952909,-0.628097475,-0.016817812, 0.087521337, 0.134830341,-0.986995816,-20.559066772, 3.129634857,63.072654724, 0.324829668,-0.579411566, 0.814403117,-0.032090437, 0.813350976, 0.580295742, 0.041436877, 0.052368268,-0.002091782,-0.998625636,135.829986572,-241.225097656,-1586.367919922, 0.143788368,-0.188095182, 0.975581765,-0.113403425,-0.981106639,-0.191961303,-0.024095669,-0.045276370, 0.106728576, 0.993256748,-99.148292542,297.723754883,-136.023712158, 0.109008871,
29, 0.621921241, 0.766579092, 0.159907416, 0.778156221,-0.627851367,-0.016597914, 0.087674484, 0.134755552,-0.986992478,-20.566272736, 3.127608299,63.106990814, 0.324118644,-0.579399824, 0.814404964,-0.032256082, 0.813347638, 0.580293000, 0.041542295, 0.052550226,-0.002165808,-0.998615980,135.830566406,-241.223724365,-1586.367309570, 0.142912343,-0.187987372, 0.975605130,-0.113381974,-0.981112242,-0.191889077,-0.024441723,-0.045602228, 0.106645696, 0.993250787,-99.122436523,297.714996338,-136.063034058, 0.108442850,
30, 0.621705413, 0.766712546, 0.160107255, 0.778328538,-0.627634883,-0.016710753, 0.087676555, 0.135005206,-0.986958146,-20.578506470, 3.128093481,63.148818970, 0.323352218,-0.579439700, 0.814366043,-0.032521334, 0.813309610, 0.580346704, 0.041536160, 0.052699286,-0.002382212,-0.998607576,135.830596924,-241.222610474,-1586.367431641, 0.143611163,-0.187983692, 0.975592196,-0.113499083,-0.981128454,-0.191851884,-0.024079977,-0.045267250, 0.106830537, 0.993246257,-99.119110107,297.679779053,-136.142135620, 0.107911438,
31, 0.621636093, 0.766677797, 0.160542130, 0.778451085,-0.627452672,-0.017810041, 0.087078013, 0.136045545,-0.986868322,-20.588411331, 3.120061874,63.140785217, 0.324148208,-0.579449475, 0.814355314,-0.032614917, 0.813296258, 0.580361545, 0.041589249, 0.052796867,-0.002426721,-0.998602271,135.832443237,-241.222732544,-1586.368652344, 0.142713457,-0.187966958, 0.975585341,-0.113585472,-0.981151223,-0.191790879,-0.023632865,-0.044840533, 0.107002325, 0.993247151,-99.109725952,297.671020508,-136.166336060, 0.108527273,
32, 0.621860266, 0.766572058, 0.160178125, 0.778350472,-0.627558649,-0.018456424, 0.086372986, 0.136152044,-0.986915529,-20.569179535, 3.114082098,63.180789948, 0.324260771,-0.579391301, 0.814406693,-0.032364130, 0.813353717, 0.580289960, 0.041463982, 0.052549124,-0.002299614,-0.998615742,135.831481934,-241.222015381,-1586.366577148, 0.143003598,-0.187986299, 0.975623071,-0.113228649,-0.981135130,-0.191830799,-0.023974486,-0.045110807, 0.106585734, 0.993279636,-99.121147156,297.699340820,-136.101882935, 0.108811967,
33, 0.621748030, 0.766561627, 0.160663098, 0.778421462,-0.627465963,-0.018614803, 0.086541235, 0.136637315,-0.986833751,-20.580871582, 3.085038662,63.203823090, 0.324338645,-0.579423904, 0.814390898,-0.032177970, 0.813324451, 0.580313206, 0.041713182, 0.052644137,-0.002001517,-0.998611331,135.832839966,-241.223678589,-1586.364013672, 0.144200891,-0.187988684, 0.975585461,-0.113548219,-0.981122255,-0.191870406,-0.024184633,-0.045380723, 0.106858246, 0.993238091,-99.118728638,297.735778809,-136.021255493, 0.109668754,
34, 0.621878028, 0.766459703, 0.160646453, 0.778405130,-0.627455235,-0.019632475, 0.085750952, 0.137257025,-0.986816764,-20.575616837, 3.084600210,63.200920105, 0.324326754,-0.579442620, 0.814376771,-0.032196101, 0.813317060, 0.580332637, 0.041584413, 0.052549835,-0.002089858,-0.998616099,135.833389282,-241.224197388,-1586.366577148, 0.144330516,-0.187959865, 0.975568354,-0.113742955,-0.981124997,-0.191853061,-0.024209393,-0.045439854, 0.107045665, 0.993215203,-99.136398315,297.721618652,-136.044143677, 0.108648829,
35, 0.622046113, 0.766409993, 0.160231948, 0.778300226,-0.627584040,-0.019671133, 0.085482866, 0.136944920,-0.986883342,-20.572006226, 3.079546452,63.234882355, 0.325202852,-0.579450667, 0.814374328,-0.032116462, 0.813313901, 0.580336511, 0.041594315, 0.052511696,-0.002018912,-0.998618305,135.833740234,-241.224136353,-1586.366943359, 0.144859374,-0.187948480, 0.975639582,-0.113149464,-0.981126964,-0.191827580,-0.024332862,-0.045445289, 0.106440656, 0.993279994,-99.144882202,297.730163574,-136.018859863, 0.108207658,
36, 0.621937513, 0.766392291, 0.160737887, 0.778382778,-0.627471030,-0.020010885, 0.085522175, 0.137561128,-0.986794293,-20.581806183, 3.100270987,63.230159760, 0.324887365,-0.579424202, 0.814376712,-0.032529868, 0.813325644, 0.580331504, 0.041434262, 0.052621201,-0.002449362,-0.998611569,135.834640503,-241.225662231,-1586.365356445, 0.144230828,-0.188013732, 0.975564718,-0.113684990,-0.981135249,-0.191856503,-0.023763370,-0.044993911, 0.107072510, 0.993232608,-99.121246338,297.675628662,-136.154098511, 0.109186657,
37, 0.621933460, 0.766393661, 0.160747141, 0.778433025,-0.627390921,-0.020560922, 0.085093528, 0.137918398,-0.986781478,-20.587511063, 3.121170998,63.238925934, 0.325926065,-0.579326928, 0.814431489,-0.032887969, 0.813388944, 0.580252826, 0.041292079, 0.052712906,-0.002829098,-0.998605728,135.833145142,-241.226196289,-1586.366210938, 0.144893974,-0.188079447, 0.975470424,-0.114382915,-0.981137097,-0.191904038,-0.023299083,-0.044678114, 0.107843243, 0.993163466,-99.073364258,297.634826660,-136.276901245, 0.107839920,
38, 0.621846974, 0.766419470, 0.160957828, 0.778478265,-0.627338529,-0.020439668, 0.085309699, 0.138012528,-0.986749589,-20.583517075, 3.109641314,63.262546539, 0.325859576,-0.579324603, 0.814440966,-0.032694399, 0.813397110, 0.580240250, 0.041307762, 0.052613344,-0.002662928,-0.998611391,135.830749512,-241.226669312,-1586.364990234, 0.144362703,-0.188098788, 0.975535154,-0.113798007,-0.981139421,-0.191894785,-0.023277896,-0.044545650, 0.107273169, 0.993231118,-99.086189270,297.658996582,-136.214981079, 0.107819714,
39, 0.621824741, 0.766372681, 0.161266401, 0.778537929,-0.627240360,-0.021171072, 0.084927872, 0.138716698,-0.986683786,-20.590517044, 3.112849712,63.250019073, 0.325775474,-0.579304755, 0.814449549,-0.032830525, 0.813402593, 0.580227852, 0.041374888, 0.052746948,-0.002735763,-0.998604178,135.828079224,-241.227081299,-1586.363525391, 0.144269422,-0.188167334, 0.975516856,-0.113842048,-0.981130660,-0.191953406,-0.023163931,-0.044449169, 0.107335217, 0.993228793,-99.062728882,297.651580811,-136.246856689, 0.109002270,
40, 0.621853590, 0.766416252, 0.160947844, 0.778485477,-0.627325237,-0.020576337, 0.085196607, 0.138091028,-0.986748457,-20.564659119, 3.089131117,63.275836945, 0.325771630,-0.579382122, 0.814414680,-0.032328341, 0.813368320, 0.580278575, 0.041337110, 0.052424990,-0.002344866,-0.998622119,135.826263428,-241.226974487,-1586.365600586, 0.144209504,-0.188030154, 0.975560844,-0.113691293,-0.981131136,-0.191875234,-0.023781335,-0.045014683, 0.107074454, 0.993231416,-99.131629944,297.695922852,-136.100692749, 0.108602643,
41, 0.621689022, 0.766722441, 0.160123244, 0.778674364,-0.627092183,-0.020531937, 0.084669746, 0.137448356,-0.986883461,-20.540685654, 3.051243782,63.275009155, 0.324359864,-0.579485655, 0.814366579,-0.031677905, 0.813327014, 0.580347776, 0.041177813, 0.051918034,-0.001902545,-0.998649538,135.826690674,-241.226928711,-1586.367187500, 0.145449668,-0.187918276, 0.975654781,-0.113068394,-0.981129408,-0.191803202,-0.024423629,-0.045515910, 0.106345087, 0.993286967,-99.232284546,297.745971680,-135.920700073, 0.108824365,
42, 0.621644020, 0.766694605, 0.160431013, 0.778659880,-0.627121389,-0.020187201, 0.085132301, 0.137470439,-0.986840606,-20.553556442, 3.064446926,63.263755798, 0.324852496,-0.579448879, 0.814383745,-0.031909231, 0.813338101, 0.580323279, 0.041304022, 0.052154992,-0.002019425,-0.998636961,135.826400757,-241.225921631,-1586.366943359, 0.145522222,-0.187926099, 0.975638151,-0.113199145,-0.981136084,-0.191795260,-0.024220191,-0.045341201, 0.106512159, 0.993277073,-99.189674377,297.733093262,-135.976593018, 0.108760975,
43, 0.621565700, 0.766823828, 0.160116389, 0.778704643,-0.627081156,-0.019706231, 0.085294761, 0.136932075,-0.986901402,-20.571834564, 3.086262941,63.288665771, 0.326291621,-0.579390109, 0.814408958,-0.032328412, 0.813363552, 0.580286562, 0.041319109, 0.052410398,-0.002354868,-0.998622835,135.829467773,-241.224426270,-1586.365478516, 0.145867884,-0.187909678, 0.975614250,-0.113431998,-0.981151640,-0.191755280,-0.023902204,-0.045070514, 0.106802538, 0.993258238,-99.136161804,297.693572998,-136.100372314, 0.109069139,
44, 0.621468842, 0.766961753, 0.159831613, 0.778801680,-0.626961350,-0.019680703, 0.085113905, 0.136708081,-0.986948073,-20.547330856, 3.082150459,63.269748688, 0.325825065,-0.579414725, 0.814402759,-0.032042317, 0.813367307, 0.580295682, 0.041115593, 0.052078672,-0.002239194,-0.998640478,135.831726074,-241.224670410,-1586.362670898, 0.145863384,-0.187926844, 0.975642860,-0.113156699,-0.981140673,-0.191783756,-0.024123963,-0.045237992, 0.106489100, 0.993284225,-99.185684204,297.707977295,-136.032928467, 0.108938940,
45, 0.621517241, 0.766891599, 0.159979790, 0.778767109,-0.626998723,-0.019859362, 0.085077144, 0.136929929,-0.986920476,-20.551853180, 3.070743322,63.258731842, 0.326377451,-0.579394937, 0.814421237,-0.031930998, 0.813366115, 0.580270946, 0.041487109, 0.052316610,-0.001934172,-0.998628676,135.832916260,-241.224853516,-1586.366455078, 0.145694777,-0.188101366, 0.975543916,-0.113718793,-0.981100261,-0.191987395,-0.024145633,-0.045387700, 0.107027717, 0.993219554,-99.149406433,297.750549316,-135.969955444, 0.108083852,
46, 0.621424794, 0.766946852, 0.160074174, 0.778835952,-0.626913249,-0.019858737, 0.085122019, 0.137012243,-0.986905217,-20.567285538, 3.075863123,63.305515289, 0.328568220,-0.579367578, 0.814427614,-0.032261454, 0.813375354, 0.580260813, 0.041447248, 0.052475844,-0.002227482,-0.998619676,135.834472656,-241.226531982,-1586.370239258, 0.145694166,-0.187970117, 0.975548029,-0.113900520,-0.981125355,-0.191861808,-0.024127737,-0.045390923, 0.107215390, 0.993199170,-99.118240356,297.713775635,-136.076644897, 0.107930698,
47, 0.621573687, 0.766929567, 0.159578085, 0.778817654,-0.626910031,-0.020659307, 0.084196873, 0.137123525,-0.986969113,-20.563308716, 3.065958738,63.323566437, 0.328174263,-0.579388022, 0.814415932,-0.032190133, 0.813365877, 0.580277383, 0.041401006, 0.052396849,-0.002195111,-0.998623908,135.832046509,-241.225692749,-1586.369262695, 0.144607648,-0.187795505, 0.975583375,-0.113885507,-0.981155038,-0.191696614,-0.024230551,-0.045470390, 0.107188955, 0.993198335,-99.136085510,297.715026855,-136.059860229, 0.107695334,
48, 0.621571124, 0.766923785, 0.159616232, 0.778763413,-0.626997948,-0.020030521, 0.084717155, 0.136753663,-0.986975968,-20.560176849, 3.079915047,63.391353607, 0.328361034,-0.579450488, 0.814361811,-0.032432809, 0.813329279, 0.580351770, 0.041076444, 0.052273527,-0.002576786,-0.998629451,135.831039429,-241.226638794,-1586.367919922, 0.145428434,-0.187908992, 0.975603521,-0.113525465,-0.981154978,-0.191749245,-0.023812912,-0.045000382, 0.106911421, 0.993249714,-99.173599243,297.656036377,-136.158905029, 0.108992860,
49, 0.621699393, 0.766853750, 0.159452885, 0.778685927,-0.627088130,-0.020217303, 0.084487289, 0.136732802,-0.986998498,-20.566137314, 3.072949171,63.382137299, 0.328160137,-0.579386353, 0.814407229,-0.032439090, 0.813376307, 0.580287933, 0.041048057, 0.052253846,-0.002602503,-0.998630464,135.830093384,-241.226089478,-1586.368774414, 0.145194143,-0.187975049, 0.975605905,-0.113395207,-0.981137156,-0.191824093,-0.023946572,-0.045114350, 0.106754884, 0.993261337,-99.153938293,297.661895752,-136.162994385, 0.108940482,
50, 0.621748626, 0.766824603, 0.159401238, 0.778579295,-0.627246261,-0.019402174, 0.085105762, 0.136169761,-0.987023175,-20.586456299, 3.081543684,63.414192200, 0.328493893,-0.579334140, 0.814433694,-0.032706276, 0.813394904, 0.580250204, 0.041211832, 0.052542131,-0.002727698,-0.998614967,135.828872681,-241.226135254,-1586.372680664, 0.144768819,-0.188010037, 0.975578904,-0.113569178,-0.981138766,-0.191843316,-0.023724435,-0.044932548, 0.106966689, 0.993246734,-99.098014832,297.650024414,-136.234954834, 0.107370727,
51, 0.621560276, 0.766983509, 0.159371063, 0.778658032,-0.627175570,-0.018507356, 0.085758798, 0.135599002,-0.987045288,-20.575914383, 3.083448648,63.407619476, 0.327121228,-0.579369068, 0.814411461,-0.032639794, 0.813377500, 0.580281377, 0.041116230, 0.052425798,-0.002727000,-0.998621047,135.829833984,-241.226119995,-1586.373168945, 0.145479336,-0.187958702, 0.975599945,-0.113473848,-0.981153071,-0.191779330,-0.023649866,-0.044834744, 0.106890015, 0.993259490,-99.126373291,297.645263672,-136.223449707, 0.108279437,
52, 0.621040404, 0.767400146, 0.159392014, 0.778938711,-0.626872957,-0.016876442, 0.086967565, 0.134637564,-0.987071097,-20.572210312, 3.043660402,63.412006378, 0.326971442,-0.579438806, 0.814382017,-0.032134447, 0.813335419, 0.580325067, 0.041332293, 0.052308697,-0.002186549,-0.998628557,135.830551147,-241.226577759,-1586.372436523, 0.145752043,-0.187932730, 0.975545585,-0.113982290,-0.981129527,-0.191833705,-0.024180977,-0.045455296, 0.107286997, 0.993188441,-99.166893005,297.711364746,-136.049255371, 0.108188897,
53, 0.620404065, 0.767920494, 0.159364045, 0.779400527,-0.626316488,-0.016202115, 0.087370381, 0.134260267,-0.987086892,-20.593086243, 3.023870707,63.414268494, 0.327422112,-0.579493225, 0.814342737,-0.032148097, 0.813274324, 0.580380976, 0.041746065, 0.052653749,-0.001953660,-0.998610914,135.831832886,-241.226486206,-1586.370849609, 0.144929498,-0.187870711, 0.975548446,-0.114060611,-0.981123507,-0.191816077,-0.024561543,-0.045839634, 0.107293151, 0.993170142,-99.141860962,297.732055664,-136.013595581, 0.108545482,
54, 0.619949877, 0.768246531, 0.159560010, 0.779690564,-0.625974119,-0.015458714, 0.088004336, 0.133991063,-0.987067223,-20.583145142, 3.041346550,63.424713135, 0.326665193,-0.579461098, 0.814359248,-0.032309093, 0.813297808, 0.580357075, 0.041622289, 0.052646305,-0.002158416,-0.998610914,135.832397461,-241.226654053,-1586.370361328, 0.144078016,-0.187962815, 0.975596070,-0.113500252,-0.981118917,-0.191862985,-0.024377927,-0.045559507, 0.106775098, 0.993238866,-99.132019043,297.708251953,-136.072952271, 0.108569272,
55, 0.619751632, 0.768416643, 0.159511015, 0.779811025,-0.625836253,-0.014959032, 0.088333011, 0.133659333,-0.987082779,-20.564777374, 3.065965414,63.424461365, 0.325834066,-0.579386771, 0.814406633,-0.032445319, 0.813360095, 0.580289423, 0.041345220, 0.052499499,-0.002434854,-0.998617947,135.831863403,-241.226486206,-1586.369995117, 0.143623710,-0.188100830, 0.975543380,-0.113724522,-0.981121540,-0.191936940,-0.023680210,-0.044929005, 0.107123308, 0.993230104,-99.125724792,297.681701660,-136.138397217, 0.108001359,
56, 0.619585216, 0.768588066, 0.159331754, 0.779889941,-0.625756025,-0.014182037, 0.088802665, 0.133048207,-0.987123191,-20.571247101, 3.067044497,63.450458527, 0.325667977,-0.579398036, 0.814393818,-0.032567058, 0.813340724, 0.580307364, 0.041476045, 0.052676741,-0.002456974,-0.998608589,135.829864502,-241.226486206,-1586.367431641, 0.144059867,-0.188033924, 0.975526094,-0.113983020,-0.981136918,-0.191870570,-0.023579864,-0.044872757, 0.107399128, 0.993202806,-99.107879639,297.676849365,-136.159744263, 0.108379714,
57, 0.619519889, 0.768662035, 0.159228981, 0.779856622,-0.625820220,-0.013141202, 0.089547575, 0.132317007,-0.987154186,-20.567697525, 3.062328577,63.502208710, 0.325489819,-0.579395235, 0.814398110,-0.032510139, 0.813346148, 0.580301523, 0.041450474, 0.052622870,-0.002425791,-0.998611510,135.825759888,-241.225448608,-1586.366699219, 0.143866479,-0.188045561, 0.975615084,-0.113199279,-0.981132448,-0.191868469,-0.023782458,-0.044921897, 0.106591299, 0.993287623,-99.115310669,297.683135986,-136.142379761, 0.108410329,
58, 0.619617581, 0.768609881, 0.159100115, 0.779819191,-0.625859201,-0.013501558, 0.089196838, 0.132435113,-0.987170100,-20.545169830, 3.053658009,63.462478638, 0.326411784,-0.579361200, 0.814434826,-0.032193881, 0.813385785, 0.580250800, 0.041382570, 0.052383933,-0.002210588,-0.998624563,135.825332642,-241.225143433,-1586.370483398, 0.144011870,-0.188191250, 0.975574732,-0.113305070,-0.981101036,-0.192024022,-0.023821969,-0.044997405, 0.106680632, 0.993274570,-99.131187439,297.716186523,-136.061157227, 0.109033205,
59, 0.619535923, 0.768703163, 0.158967495, 0.779890060,-0.625772178,-0.013441854, 0.089144640, 0.132304877,-0.987192333,-20.547065735, 3.075709343,63.466926575, 0.326464653,-0.579408407, 0.814388752,-0.032508399, 0.813350677, 0.580313921, 0.041187178, 0.052407455,-0.002576530,-0.998622417,135.826675415,-241.224319458,-1586.366455078, 0.144001216,-0.188140050, 0.975526094,-0.113807805,-0.981128812,-0.191942498,-0.023331281,-0.044604827, 0.107270569, 0.993228853,-99.143882751,297.659332275,-136.171401978, 0.109141119,
60, 0.619311273, 0.768844247, 0.159160271, 0.779942751,-0.625732660,-0.012166045, 0.090237990, 0.131670475,-0.987177789,-20.559913635, 3.064928293,63.472869873, 0.326522857,-0.579459369, 0.814353466,-0.032484941, 0.813306510, 0.580364048, 0.041352801, 0.052528888,-0.002457945,-0.998616338,135.828811646,-241.224395752,-1586.364379883, 0.143743008,-0.187983543, 0.975570261,-0.113687843,-0.981149852,-0.191805527,-0.023570918,-0.044801041, 0.107113861, 0.993236840,-99.148414612,297.671081543,-136.143035889, 0.108883396,
61, 0.619154155, 0.769032300, 0.158862948, 0.780008554,-0.625667751,-0.011247644, 0.090745620, 0.130878493,-0.987236559,-20.528469086, 3.066882133,63.454326630, 0.325419366,-0.579387665, 0.814418495,-0.032132376, 0.813390493, 0.580273032, 0.040977687, 0.052018534,-0.002394202,-0.998643279,135.831787109,-241.224365234,-1586.363647461, 0.143789530,-0.188029021, 0.975624681,-0.113143928,-0.981127739,-0.191869274,-0.023968516,-0.045093119, 0.106501877, 0.993289471,-99.185241699,297.689086914,-136.074569702, 0.108848661,
62, 0.618765175, 0.769283950, 0.159159675, 0.780179024,-0.625477791,-0.009911608, 0.091926001, 0.130305991,-0.987203121,-20.541151047, 3.070237875,63.478912354, 0.324467242,-0.579400063, 0.814402699,-0.032308087, 0.813366830, 0.580295026, 0.041135509, 0.052249089,-0.002444410,-0.998631120,135.834915161,-241.225311279,-1586.366210938, 0.143500909,-0.188086480, 0.975611508,-0.113161549,-0.981128275,-0.191899434,-0.023703625,-0.044841170, 0.106567666, 0.993293762,-99.159866333,297.678100586,-136.115142822, 0.108382262,
63, 0.618610501, 0.769447505, 0.158970445, 0.780362308,-0.625241518,-0.010378237, 0.091409408, 0.130474627,-0.987228811,-20.553443909, 3.068664551,63.475837708, 0.325265050,-0.579406083, 0.814393878,-0.032423340, 0.813349843, 0.580307424, 0.041295554, 0.052446347,-0.002444623,-0.998620749,135.836151123,-241.225936890,-1586.367797852, 0.143752158,-0.188019559, 0.975605965,-0.113320559,-0.981150508,-0.191814333,-0.023470886,-0.044634849, 0.106771544, 0.993281186,-99.139495850,297.679107666,-136.132949829, 0.109330006,
64, 0.618669093, 0.769409359, 0.158926800, 0.780369937,-0.625222385,-0.010940752, 0.090946682, 0.130790412,-0.987229705,-20.549705505, 3.083995819,63.502128601, 0.326115072,-0.579429805, 0.814368606,-0.032633800, 0.813336432, 0.580341578, 0.041079409, 0.052392531,-0.002739624,-0.998622835,135.835540771,-241.226776123,-1586.365112305, 0.143778861,-0.187932491, 0.975626886,-0.113285288,-0.981170714,-0.191718683,-0.023410473,-0.044558793, 0.106752604, 0.993286610,-99.154541016,297.635437012,-136.214797974, 0.109683543,
65, 0.618900597, 0.769205093, 0.159014240, 0.780252576,-0.625353456,-0.011783385, 0.090376273, 0.131364018,-0.987205923,-20.537778854, 3.075176001,63.469528198, 0.325237721,-0.579396546, 0.814400792,-0.032420062, 0.813372195, 0.580296993, 0.041001476, 0.052204896,-0.002613462,-0.998633027,135.831771851,-241.226272583,-1586.364990234, 0.144220471,-0.188075170, 0.975644469,-0.112896428,-0.981135070,-0.191870824,-0.023654969,-0.044740368, 0.106317729, 0.993325114,-99.165412903,297.656127930,-136.160049438, 0.109425344,
66, 0.619132400, 0.769180000, 0.158231109, 0.780133903,-0.625499129,-0.011910996, 0.089811735, 0.130815938,-0.987330198,-20.527107239, 3.048149109,63.472511292, 0.324842334,-0.579417765, 0.814400911,-0.032033850, 0.813374043, 0.580297947, 0.040950555, 0.051939350,-0.002328021,-0.998647511,135.829315186,-241.226013184,-1586.368164063, 0.143875346,-0.188086525, 0.975662053,-0.112725802,-0.981116414,-0.191916853,-0.024051307,-0.045099925, 0.106073409, 0.993335068,-99.205413818,297.694244385,-136.050003052, 0.108511984,
67, 0.619165957, 0.769243896, 0.157788545, 0.780169606,-0.625448108,-0.012246426, 0.089268066, 0.130684406,-0.987396955,-20.542957306, 3.068865061,63.493160248, 0.325310707,-0.579434991, 0.814371586,-0.032465696, 0.813342869, 0.580337763, 0.041006114, 0.052235283,-0.002645362,-0.998631299,135.827728271,-241.225814819,-1586.367431641, 0.143592238,-0.187998533, 0.975638449,-0.113075934,-0.981149554,-0.191799432,-0.023632150,-0.044744335, 0.106501594, 0.993305266,-99.174926758,297.649566650,-136.173095703, 0.108152241,
68, 0.618881345, 0.769441485, 0.157941744, 0.780365288,-0.625209153,-0.011977002, 0.089531027, 0.130664602,-0.987375736,-20.538572311, 3.063639402,63.490509033, 0.325094432,-0.579422712, 0.814382792,-0.032404106, 0.813352704, 0.580322385, 0.041028734, 0.052217919,-0.002582984,-0.998632371,135.827590942,-241.225387573,-1586.369140625, 0.143032849,-0.187965184, 0.975650668,-0.113025546,-0.981145799,-0.191789180,-0.023870738,-0.044966582, 0.106407672, 0.993305326,-99.172607422,297.659301758,-136.153350830, 0.108231708,
69, 0.618676424, 0.769680619, 0.157579154, 0.780550063,-0.624980271,-0.011883927, 0.089337036, 0.130350724,-0.987434864,-20.554964066, 3.059009552,63.516044617, 0.324198246,-0.579393506, 0.814400077,-0.032491770, 0.813357651, 0.580298424, 0.041269261, 0.052464608,-0.002516286,-0.998619616,135.828842163,-241.224105835,-1586.364624023, 0.143530890,-0.187934190, 0.975588739,-0.113610469,-0.981139719,-0.191801250,-0.024024529,-0.045228690, 0.106952712, 0.993234873,-99.132133484,297.670257568,-136.152481079, 0.108753845,
70, 0.618346334, 0.769898415, 0.157810748, 0.780682385,-0.624838412,-0.010582563, 0.090458706, 0.129743755,-0.987412691,-20.560501099, 3.023852348,63.540149689, 0.325298280,-0.579452693, 0.814371586,-0.032148980, 0.813312709, 0.580340147, 0.041567020, 0.052508343,-0.002061054,-0.998618364,135.829559326,-241.224426270,-1586.368041992, 0.142906427,-0.187926948, 0.975586951,-0.113637984,-0.981129706,-0.191821516,-0.024268685,-0.045474421, 0.106932864, 0.993225813,-99.149246216,297.725219727,-136.024230957, 0.109427974,
71, 0.618299305, 0.769931555, 0.157833487, 0.780741692,-0.624760032,-0.010831391, 0.090268627, 0.129924223,-0.987406313,-20.552497864, 3.039212465,63.530727386, 0.326314867,-0.579420924, 0.814390540,-0.032239553, 0.813337862, 0.580312967, 0.041452099, 0.052467231,-0.002203436,-0.998620212,135.830673218,-241.224502563,-1586.366088867, 0.143484309,-0.187998444, 0.975560009,-0.113751054,-0.981137753,-0.191843882,-0.023760958,-0.045002684, 0.107138433, 0.993225098,-99.143295288,297.710266113,-136.059158325, 0.108655304,
72, 0.618265808, 0.770118713, 0.157049388, 0.780857503,-0.624609351,-0.011169247, 0.089492872, 0.129538760,-0.987527609,-20.519737244, 3.049084425,63.542224884, 0.325791538,-0.579398036, 0.814413726,-0.032065649, 0.813389421, 0.580279768, 0.040903747, 0.051919620,-0.002382309,-0.998648405,135.832305908,-241.223876953,-1586.364624023, 0.144048199,-0.187956616, 0.975637734,-0.113151625,-0.981144786,-0.191790029,-0.023905335,-0.045024302, 0.106524967, 0.993290126,-99.202812195,297.689178467,-136.057281494, 0.108371995,
73, 0.618205309, 0.770032823, 0.157707319, 0.780821681,-0.624661088,-0.010770313, 0.090220131, 0.129799560,-0.987427175,-20.549261093, 3.056327581,63.549709320, 0.325712502,-0.579397202, 0.814399600,-0.032435667, 0.813362002, 0.580298901, 0.041175257, 0.052355498,-0.002525109,-0.998625278,135.832046509,-241.225128174,-1586.362915039, 0.142934084,-0.187974960, 0.975621939,-0.113257684,-0.981138647,-0.191817209,-0.023941718,-0.045082837, 0.106621042, 0.993277133,-99.147201538,297.668823242,-136.142593384, 0.108379349,
74, 0.618408382, 0.769938529, 0.157371432, 0.780704975,-0.624802530,-0.011024537, 0.089837857, 0.129678339,-0.987478018,-20.554040909, 3.048558950,63.551174164, 0.325801313,-0.579432249, 0.814376771,-0.032384414, 0.813329935, 0.580331624, 0.041347243, 0.052465934,-0.002381289,-0.998619854,135.832656860,-241.225936890,-1586.364624023, 0.142670900,-0.187928051, 0.975607872,-0.113456555,-0.981144369,-0.191783175,-0.023979520,-0.045153666, 0.106810831, 0.993253529,-99.144241333,297.682983398,-136.114624023, 0.108029217,
75, 0.618237734, 0.770034432, 0.157572314, 0.780846655,-0.624621928,-0.011223292, 0.089780800, 0.129978478,-0.987443626,-20.564701080, 3.044536352,63.559307098, 0.324180007,-0.579352081, 0.814430475,-0.032469150, 0.813391387, 0.580255687, 0.041204531, 0.052398629,-0.002538199,-0.998623013,135.831054688,-241.225936890,-1586.366088867, 0.144032478,-0.188026085, 0.975544631,-0.113837242,-0.981136560,-0.191863880,-0.023652343,-0.044915169, 0.107242621, 0.993217885,-99.124519348,297.672576904,-136.153808594, 0.108173139,
