Number of frames: 4032
Frequency: 100
Units: mm

Frame,Digitizing Probe R00,Digitizing Probe R01,Digitizing Probe R02,Digitizing Probe R10,Digitizing Probe R11,Digitizing Probe R12,Digitizing Probe R20,Digitizing Probe R21,Digitizing Probe R22,Digitizing Probe x,Digitizing Probe y,Digitizing Probe z,Digitizing Probe Error,HumMarker R00,HumMarker R01,HumMarker R02,HumMarker R10,HumMarker R11,HumMarker R12,HumMarker R20,HumMarker R21,HumMarker R22,HumMarker x,HumMarker y,HumMarker z,HumMarker Error,StemMarker R00,StemMarker R01,StemMarker R02,StemMarker R10,StemMarker R11,StemMarker R12,StemMarker R20,StemMarker R21,StemMarker R22,StemMarker x,StemMarker y,StemMarker z,StemMarker Error
1, 0.774772584, 0.487185180, 0.402961522, 0.546190679,-0.836776257,-0.038486633, 0.318438500, 0.249912232,-0.914407372,-10.799675941, 6.994503975,70.880241394, 0.307060510,-0.701759875, 0.705714762,-0.097467005, 0.701329648, 0.708385170, 0.079543397, 0.125179127,-0.012536134,-0.992054999,147.423507690,-221.766357422,-1473.259277344, 0.156712204,,,,,,,,,,,,,,
2, 0.773996830, 0.487754196, 0.403763145, 0.547464311,-0.835886896,-0.039697371, 0.318137765, 0.251771569,-0.914001882,-10.785969734, 7.018451691,70.907592773, 0.306324035,-0.701816678, 0.705650747,-0.097521573, 0.701318502, 0.708443046, 0.079124942, 0.124923058,-0.012862482,-0.992083073,147.421524048,-221.766067505,-1473.257080078, 0.157351658,,,,,,,,,,,,,,
3, 0.774051785, 0.487699628, 0.403723836, 0.548182011,-0.835305452,-0.041966975, 0.316765457, 0.253798753,-0.913917840,-10.788931847, 7.047115326,70.890144348, 0.306706876,-0.701789796, 0.705626070,-0.097892009, 0.701322436, 0.708460331, 0.078935146, 0.125051305,-0.013257981,-0.992061675,147.419448853,-221.765350342,-1473.257202148, 0.157236665,,,,,,,,,,,,,,
4, 0.774266660, 0.487576455, 0.403460532, 0.548677623,-0.834874749,-0.044012982, 0.315379292, 0.255447537,-0.913937926,-10.791570663, 7.050153732,70.877655029, 0.306475818,-0.701742768, 0.705655813,-0.098015346, 0.701355100, 0.708428919, 0.078927562, 0.125132591,-0.013356711,-0.992050171,147.420745850,-221.765090942,-1473.256591797, 0.156166911,,,,,,,,,,,,,,
5, 0.774202526, 0.487672001, 0.403468162, 0.548932731,-0.834684014,-0.044447277, 0.315092713, 0.255888075,-0.913913548,-10.801464081, 7.010278225,70.914115906, 0.308059573,-0.701769054, 0.705677152,-0.097672269, 0.701320171, 0.708417475, 0.079339027, 0.125180483,-0.012821852,-0.992051125,147.420989990,-221.767608643,-1473.257568359, 0.156667635,,,,,,,,,,,,,,
6, 0.774155855, 0.487894028, 0.403289169, 0.549344063,-0.834378123,-0.045103598, 0.314489871, 0.256461710,-0.913960338,-10.824778557, 7.008407116,70.941093445, 0.307426900,-0.701695681, 0.705733657,-0.097791210, 0.701363146, 0.708361030, 0.079462826, 0.125351086,-0.012828433,-0.992029488,147.421218872,-221.769271851,-1473.257812500, 0.155887380,,,,,,,,,,,,,,
7, 0.774457514, 0.488199830, 0.402338952, 0.549956679,-0.833882809,-0.046768058, 0.312671334, 0.257488847,-0.914295495,-10.794358253, 7.019334316,70.895675659, 0.305735677,-0.701771677, 0.705658495,-0.097788639, 0.701317370, 0.708433151, 0.079224117, 0.125181884,-0.012983631,-0.992048800,147.424697876,-221.769088745,-1473.258666992, 0.156659231,,,,,,,,,,,,,,
8, 0.774095297, 0.488869548, 0.402222604, 0.550568998,-0.833490610,-0.046552978, 0.312490433, 0.257487714,-0.914357543,-10.801751137, 7.012225151,70.916526794, 0.306824923,-0.701831102, 0.705611885,-0.097698562, 0.701274455, 0.708480358, 0.079181865, 0.125089169,-0.012941210,-0.992061079,147.424392700,-221.768112183,-1473.259155273, 0.158696696,,,,,,,,,,,,,,
9, 0.773861825, 0.489129901, 0.402355343, 0.551042497,-0.833152533,-0.047000512, 0.312234014, 0.258086771,-0.914276302,-10.795557976, 7.031250954,70.902282715, 0.306176901,-0.701807737, 0.705609202,-0.097884908, 0.701290905, 0.708478749, 0.079049550, 0.125127479,-0.013168210,-0.992053270,147.426498413,-221.767944336,-1473.255737305, 0.157602891,,,,,,,,,,,,,,
10, 0.773508430, 0.489362478, 0.402751863, 0.551355124,-0.832955301,-0.046829820, 0.312557518, 0.258282572,-0.914110482,-10.784441948, 7.027533054,70.888046265, 0.306719184,-0.701789320, 0.705645859,-0.097753346, 0.701336980, 0.708442807, 0.078963950, 0.124973238,-0.013141978,-0.992073119,147.428710938,-221.767364502,-1473.255126953, 0.158956423,,,,,,,,,,,,,,
11, 0.773240566, 0.489633590, 0.402936757, 0.551601171,-0.832809091,-0.046531081, 0.312786222, 0.258240104,-0.914044201,-10.806921005, 7.020655155,70.887390137, 0.304872811,-0.701731384, 0.705689073,-0.097857088, 0.701355040, 0.708401084, 0.079177305, 0.125196621,-0.013071357,-0.992045820,147.429336548,-221.765441895,-1473.257324219, 0.157581642,,,,,,,,,,,,,,
12, 0.773034334, 0.490070164, 0.402801663, 0.551804662,-0.832710862,-0.045871649, 0.312936991, 0.257728189,-0.914137125,-10.787893295, 7.033703327,70.905609131, 0.306009769,-0.701735616, 0.705688477,-0.097830296, 0.701375663, 0.708399713, 0.079005979, 0.125056565,-0.013174479,-0.992062151,147.432052612,-221.764953613,-1473.257934570, 0.157422468,,,,,,,,,,,,,,
13, 0.772425950, 0.490522355, 0.403417885, 0.552278161,-0.832428992,-0.045285489, 0.313603193, 0.257778585,-0.913894594,-10.796800613, 7.037305832,70.897895813, 0.305911720,-0.701753914, 0.705653071,-0.097955011, 0.701338112, 0.708433867, 0.079033591, 0.125164941,-0.013237448,-0.992047668,147.429672241,-221.764862061,-1473.253051758, 0.158312887,,,,,,,,,,,,,,
14, 0.772065878, 0.490954548, 0.403581321, 0.552718163,-0.832148850,-0.045065530, 0.313714594, 0.257860303,-0.913833261,-10.791982651, 7.042872429,70.896331787, 0.305817902,-0.701756835, 0.705648303,-0.097968519, 0.701341033, 0.708437622, 0.078973956, 0.125132427,-0.013288829,-0.992051065,147.428848267,-221.765792847,-1473.252319336, 0.157987937,,,,,,,,,,,,,,
15, 0.771830261, 0.491445959, 0.403433919, 0.553157687,-0.831863940,-0.044933505, 0.313519716, 0.257843584,-0.913904846,-10.767136574, 7.045827389,70.912460327, 0.305495560,-0.701736927, 0.705698848,-0.097746521, 0.701421797, 0.708386600, 0.078713849, 0.124790601,-0.013325123,-0.992093623,147.426254272,-221.766677856,-1473.254516602, 0.157730296,,,,,,,,,,,,,,
16, 0.771913588, 0.491109699, 0.403683811, 0.553065300,-0.831894577,-0.045498811, 0.313477486, 0.258384675,-0.913766503,-10.751243591, 7.045048237,70.913658142, 0.305798799,-0.701754749, 0.705661297,-0.097889461, 0.701348305, 0.708426118, 0.079012066, 0.125103220,-0.013207515,-0.992055833,147.423782349,-221.766418457,-1473.252441406, 0.156605825,,,,,,,,,,,,,,
17, 0.773157239, 0.491234690, 0.401143849, 0.550905883,-0.833557487,-0.041043833, 0.314214319, 0.252725840,-0.915095091,-10.753826141, 7.033367157,71.266731262, 0.308001965,-0.701834023, 0.705585063,-0.097870633, 0.701266706, 0.708503067, 0.079046778, 0.125115871,-0.013155694,-0.992054939,147.422225952,-221.766448975,-1473.249023438, 0.157556474,,,,,,,,,,,,,,
18, 0.775626004, 0.491757065, 0.395701021, 0.549796760,-0.834298968,-0.040849570, 0.310044914, 0.249239132,-0.917470455,-10.773842812, 7.026225090,71.491088867, 0.304157943,-0.701843202, 0.705631256,-0.097471178, 0.701276481, 0.708465397, 0.079297483, 0.125009745,-0.012699845,-0.992074192,147.417892456,-221.766601563,-1473.252807617, 0.158039272,,,,,,,,,,,,,,
19, 0.774494290, 0.491340786, 0.398425460, 0.550335169,-0.833916903,-0.041398138, 0.311913133, 0.251330167,-0.916265965,-10.792011261, 7.060131550,71.628974915, 0.305698216,-0.701738417, 0.705681741,-0.097859569, 0.701346993, 0.708408475, 0.079182275, 0.125202030,-0.013068274,-0.992045224,147.417098999,-221.766433716,-1473.251831055, 0.157513916,,,,,,,,,,,,,,
20, 0.774526000, 0.491042435, 0.398731589, 0.550336242,-0.833882153,-0.042078923, 0.311832607, 0.252027661,-0.916101813,-10.768406868, 7.074932098,71.617088318, 0.305823952,-0.701722324, 0.705642164,-0.098259918, 0.701305211, 0.708443463, 0.079239734, 0.125526488,-0.013305901,-0.992001057,147.418487549,-221.766204834,-1473.249511719, 0.157259062,,,,,,,,,,,,,,
21, 0.775339425, 0.491295815, 0.396833986, 0.549597502,-0.834435225,-0.040747724, 0.311113089, 0.249692291,-0.916985452,-10.762755394, 7.036747932,71.749496460, 0.306306958,-0.701742291, 0.705664694,-0.097954586, 0.701296389, 0.708427846, 0.079457067, 0.125463799,-0.012936809,-0.992013872,147.418884277,-221.765441895,-1473.249145508, 0.157686576,,,,,,,,,,,,,,
22, 0.776765287, 0.491199642, 0.394155502, 0.548532665,-0.835161567,-0.040212650, 0.309431106, 0.247442961,-0.918163598,-10.797892570, 7.014881611,71.982849121, 0.307715476,-0.701726258, 0.705675960,-0.097988158, 0.701289713, 0.708418012, 0.079603024, 0.125590518,-0.012858551,-0.991998851,147.420730591,-221.764343262,-1473.249145508, 0.158057868,,,,,,,,,,,,,,
23, 0.777863443, 0.490766406, 0.392526180, 0.548154175,-0.835328281,-0.041877668, 0.307336032, 0.247739956,-0.918786943,-10.806131363, 7.016858578,72.078033447, 0.305920899,-0.701709569, 0.705683053,-0.098057099, 0.701309443, 0.708408833, 0.079511046, 0.125574112,-0.012974706,-0.991999388,147.423980713,-221.762786865,-1473.249511719, 0.157093436,,,,,,,,,,,,,,
24, 0.778145254, 0.490858734, 0.391851664, 0.548601091,-0.834951520,-0.043506432, 0.305821627, 0.248824567,-0.918999135,-10.803525925, 7.012051582,72.072349548, 0.305162549,-0.701702833, 0.705688953,-0.098061934, 0.701313794, 0.708402991, 0.079524361, 0.125586838,-0.012969717,-0.991997838,147.428695679,-221.760986328,-1473.249633789, 0.156949416,,,,,,,,,,,,,,
25, 0.777692497, 0.491425335, 0.392040163, 0.549092591,-0.834654987,-0.042992067, 0.306090891, 0.248700976,-0.918942988,-10.808685303, 7.005420685,72.096923828, 0.306115389,-0.701677620, 0.705731332,-0.097937644, 0.701354146, 0.708362401, 0.079530105, 0.125502229,-0.012884476,-0.992009640,147.429916382,-221.760025024,-1473.248413086, 0.157674864,,,,,,,,,,,,,,
26, 0.777162969, 0.492055953, 0.392299175, 0.549639165,-0.834326744,-0.042375110, 0.306454778, 0.248555347,-0.918861091,-10.818550110, 6.975551128,72.093208313, 0.304831713,-0.701667726, 0.705774963,-0.097693510, 0.701341271, 0.708327234, 0.079955466, 0.125629559,-0.012414320,-0.991999507,147.430908203,-221.759582520,-1473.250000000, 0.158169478,,,,,,,,,,,,,,
27, 0.776833057, 0.492392451, 0.392530411, 0.550325513,-0.833834529,-0.043148823, 0.306059241, 0.249538943,-0.918726325,-10.808497429, 7.015386581,72.061180115, 0.304673582,-0.701613843, 0.705768645,-0.098125733, 0.701352596, 0.708326936, 0.079859145, 0.125867173,-0.012790457,-0.991964698,147.430358887,-221.758209229,-1473.247070313, 0.157914981,,,,,,,,,,,,,,
28, 0.775923491, 0.493183792, 0.393335074, 0.551196337,-0.833292067,-0.042508442, 0.306798518, 0.249788150,-0.918411970,-10.796109200, 7.058884621,72.070983887, 0.305501282,-0.701599538, 0.705742478,-0.098415926, 0.701375425, 0.708344579, 0.079501681, 0.125820100,-0.013248169,-0.991964638,147.428680420,-221.756240845,-1473.249145508, 0.157342494,,,,,,,,,,,,,,
29, 0.774329305, 0.494167864, 0.395236909, 0.552106857,-0.832793355,-0.040413257, 0.309179753, 0.249506190,-0.917689800,-10.800889015, 7.044203281,72.068374634, 0.304247320,-0.701643586, 0.705710173,-0.098333463, 0.701298714, 0.708382428, 0.079840444, 0.126001909,-0.012941596,-0.991945565,147.426284790,-221.756744385,-1473.248413086, 0.156535774,,,,,,,,,,,,,,
30, 0.773596704, 0.495244652, 0.395323783, 0.552659750,-0.832515299,-0.038543221, 0.310024738, 0.248296425,-0.917732835,-10.780806541, 7.050426006,72.103363037, 0.304196000,-0.701702416, 0.705664098,-0.098244011, 0.701247156, 0.708429992, 0.079870842, 0.125960991,-0.012847773,-0.991952002,147.421630859,-221.757171631,-1473.249877930, 0.157229453,,,,,,,,,,,,,,
31, 0.773844659, 0.495274156, 0.394801050, 0.552287757,-0.832796216,-0.037797570, 0.310068667, 0.247293264,-0.917988837,-10.735885620, 7.098453522,72.133598328, 0.306414336,-0.701700628, 0.705630898,-0.098494940, 0.701243401, 0.708457232, 0.079662308, 0.125991628,-0.013169833,-0.991943896,147.418106079,-221.757186890,-1473.246459961, 0.157650530,,,,,,,,,,,,,,
32, 0.774339914, 0.495396256, 0.393675297, 0.551554859,-0.833352745,-0.036200151, 0.310136974, 0.245164737,-0.918536484,-10.736011505, 7.071836948,72.211158752, 0.306360394,-0.701732218, 0.705634415,-0.098244503, 0.701159954, 0.708465457, 0.080320872, 0.126280010,-0.012521363,-0.991915584,147.415145874,-221.758621216,-1473.245483398, 0.157021999,,,,,,,,,,,,,,
33, 0.774846852, 0.495261073, 0.392846972, 0.550988376,-0.833750844,-0.035655797, 0.309877574, 0.244081900,-0.918912351,-10.710980415, 7.106311798,72.283103943, 0.304813325,-0.701760232, 0.705587864,-0.098378062, 0.701119721, 0.708509743, 0.080280840, 0.126347005,-0.012636899,-0.991905630,147.413757324,-221.758453369,-1473.244995117, 0.155799046,,,,,,,,,,,,,,
34, 0.775798142, 0.495232731, 0.391000956, 0.550552070,-0.834023595,-0.036013842, 0.308268815, 0.243205860,-0.919685423,-10.682720184, 7.124217510,72.353897095, 0.305594623,-0.701775849, 0.705590129,-0.098250762, 0.701132655, 0.708507895, 0.080184661, 0.126188949,-0.012615162,-0.991926014,147.418579102,-221.759216309,-1473.248168945, 0.156392872,,,,,,,,,,,,,,
35, 0.776110768, 0.494573027, 0.391215533, 0.550308228,-0.834131598,-0.037220415, 0.307916999, 0.244176283,-0.919546127,-10.637410164, 7.150006771,72.347831726, 0.305848986,-0.701746583, 0.705620825,-0.098239481, 0.701155186, 0.708478212, 0.080249727, 0.126226410,-0.012566146,-0.991921902,147.421646118,-221.760650635,-1473.250732422, 0.156804308,,,,,,,,,,,,,,
36, 0.776872277, 0.494137257, 0.390253514, 0.549667597,-0.834540248,-0.037524596, 0.307139963, 0.243661538,-0.919942439,-10.640057564, 7.191458702,72.463256836, 0.307398051,-0.701670587, 0.705670893,-0.098422579, 0.701204360, 0.708426178, 0.080279104, 0.126375765,-0.012684859,-0.991901338,147.425247192,-221.761260986,-1473.251220703, 0.156727776,,,,,,,,,,,,,,
37, 0.777780652, 0.493846238, 0.388809830, 0.549375892,-0.834673047,-0.038820650, 0.305357635, 0.243796706,-0.920499802,-10.637617111, 7.233121872,72.557823181, 0.305346131,-0.701619089, 0.705711544,-0.098497786, 0.701274931, 0.708381653, 0.080055334, 0.126270011,-0.012905678,-0.991911948,147.429077148,-221.759857178,-1473.251464844, 0.155878127,,,,,,,,,,,,,,
38, 0.778307676, 0.493591130, 0.388078630, 0.549207866,-0.834739089,-0.039767474, 0.304315507, 0.244087160,-0.920767903,-10.626628876, 7.261795044,72.663223267, 0.304560751,-0.701650381, 0.705705583,-0.098317981, 0.701299489, 0.708386660, 0.079795890, 0.125959545,-0.012961532,-0.991950691,147.432434082,-221.756774902,-1473.252563477, 0.156927362,,,,,,,,,,,,,,
39, 0.778493822, 0.493272871, 0.388109773, 0.549611568,-0.834363997,-0.041998625, 0.303108037, 0.246005282,-0.920655668,-10.640855789, 7.277673721,72.684776306, 0.304664403,-0.701682329, 0.705658019,-0.098430634, 0.701283991, 0.708429396, 0.079551928, 0.125867620,-0.013207647,-0.991959155,147.432250977,-221.754440308,-1473.251098633, 0.156268001,,,,,,,,,,,,,,
40, 0.778844357, 0.493114859, 0.387607008, 0.549774945,-0.834182024,-0.043450020, 0.301908940, 0.246937409,-0.920800149,-10.648373604, 7.255953312,72.703308105, 0.304281771,-0.701686621, 0.705678403,-0.098254718, 0.701287210, 0.708413005, 0.079669558, 0.125826001,-0.013001722,-0.991967082,147.430618286,-221.752380371,-1473.247802734, 0.156302735,,,,,,,,,,,,,,
41, 0.779158056, 0.493068635, 0.387034923, 0.549757123,-0.834162295,-0.044048864, 0.301130831, 0.247096241,-0.921012282,-10.667660713, 7.254816055,72.750343323, 0.304855973,-0.701645017, 0.705707908,-0.098339327, 0.701323569, 0.708381832, 0.079626814, 0.125855058,-0.013097930,-0.991962194,147.429077148,-221.750518799,-1473.247680664, 0.156921104,,,,,,,,,,,,,,
42, 0.779554844, 0.493031085, 0.386283010, 0.549784660,-0.834097862,-0.044918172, 0.300051779, 0.247388661,-0.921285987,-10.678765297, 7.239413261,72.762649536, 0.305098563,-0.701672137, 0.705698907,-0.098209836, 0.701314211, 0.708392322, 0.079615116, 0.125755399,-0.013012245,-0.991975904,147.426269531,-221.751586914,-1473.251220703, 0.157287180,,,,,,,,,,,,,,
43, 0.780053079, 0.492965549, 0.385359794, 0.549955428,-0.833899796,-0.046477444, 0.298439682, 0.248185590,-0.921595216,-10.733327866, 7.224797249,72.763648987, 0.304069340,-0.701684237, 0.705654621,-0.098441221, 0.701252103, 0.708435655, 0.079777293, 0.126034498,-0.013053641,-0.991939962,147.422607422,-221.749252319,-1473.242919922, 0.156679600,,,,,,,,,,,,,,
44, 0.781118989, 0.492630213, 0.383625656, 0.549684048,-0.833975434,-0.048294883, 0.296142846, 0.248596951,-0.922225058,-10.759499550, 7.236384392,72.801353455, 0.304373682,-0.701689303, 0.705628335,-0.098593876, 0.701265574, 0.708455980, 0.079477936, 0.125931308,-0.013371669,-0.991948843,147.420120239,-221.749313354,-1473.242431641, 0.156761006,,,,,,,,,,,,,,
45, 0.782604992, 0.491777211, 0.381686479, 0.548780441,-0.834466398,-0.050058726, 0.293886811, 0.248638287,-0.922935307,-10.771727562, 7.204405308,72.835952759, 0.303584635,-0.701626182, 0.705742896,-0.098221920, 0.701359928, 0.708348095, 0.079606459, 0.125757009,-0.013034947,-0.991975427,147.418395996,-221.749176025,-1473.244995117, 0.157089815,,,,,,,,,,,,,,
46, 0.784983277, 0.490770429, 0.378081471, 0.547743261,-0.834937692,-0.053445026, 0.289445221, 0.249045014,-0.924228370,-10.756599426, 7.215129375,72.846839905, 0.305827528,-0.701674819, 0.705700397,-0.098179623, 0.701356053, 0.708386958, 0.079293936, 0.125506938,-0.013220317,-0.992004633,147.418090820,-221.749465942,-1473.240844727, 0.156686291,,,,,,,,,,,,,,
47, 0.786391139, 0.490091920, 0.376030505, 0.546899915,-0.835393667,-0.054935846, 0.287209868, 0.248852104,-0.924977422,-10.754394531, 7.210711956,72.866287231, 0.304372400,-0.701667190, 0.705721080,-0.098085694, 0.701380551, 0.708367050, 0.079255670, 0.125413075,-0.013184288,-0.992016971,147.418502808,-221.749740601,-1473.238281250, 0.156664968,,,,,,,,,,,,,,
48, 0.786929250, 0.489649445, 0.375480771, 0.546398401,-0.835695088,-0.055340350, 0.286690056, 0.248711020,-0.925176501,-10.779305458, 7.185669422,72.865127563, 0.303647131,-0.701691866, 0.705693007,-0.098111488, 0.701305211, 0.708399713, 0.079628788, 0.125695631,-0.012931223,-0.991984546,147.421981812,-221.749252319,-1473.241455078, 0.156720638,,,,,,,,,,,,,,
49, 0.787645996, 0.489493310, 0.374179184, 0.546087623,-0.835849404,-0.056072231, 0.285310447, 0.248499691,-0.925659716,-10.781855583, 7.188803673,72.880775452, 0.302377641,-0.701677859, 0.705699146,-0.098167449, 0.701341331, 0.708389759, 0.079398841, 0.125572518,-0.013136482,-0.991997480,147.425689697,-221.749816895,-1473.242065430, 0.156329110,,,,,,,,,,,,,,
50, 0.788868725, 0.489139497, 0.372059941, 0.545206487,-0.836403370,-0.056384571, 0.283612281, 0.247329518,-0.926494539,-10.789178848, 7.164510727,72.941711426, 0.304024369,-0.701673627, 0.705719233,-0.098053560, 0.701332450, 0.708374143, 0.079617433, 0.125646159,-0.012902687,-0.991991222,147.428588867,-221.749359131,-1473.239013672, 0.156557143,,,,,,,,,,,,,,
51, 0.789265633, 0.488448769, 0.372125775, 0.544464529,-0.836892784,-0.056292556, 0.283933342, 0.247039065,-0.926473737,-10.811667442, 7.157901287,72.979667664, 0.304538786,-0.701665103, 0.705710173,-0.098179735, 0.701306939, 0.708383441, 0.079759590, 0.125836045,-0.012889603,-0.991967320,147.431869507,-221.748977661,-1473.238037109, 0.156601906,,,,,,,,,,,,,,
52, 0.790648758, 0.487686902, 0.370183766, 0.543530881,-0.837405324,-0.057675157, 0.281866461, 0.246807113,-0.927166402,-10.807966232, 7.172247887,72.975730896, 0.304329962,-0.701674163, 0.705687821,-0.098275363, 0.701305568, 0.708402455, 0.079602405, 0.125792950,-0.013066106,-0.991970479,147.433746338,-221.750930786,-1473.239746094, 0.155782491,,,,,,,,,,,,,,
53, 0.792106926, 0.486571938, 0.368529886, 0.542328238,-0.838082671,-0.059138861, 0.280083239, 0.246708497,-0.927732885,-10.770750999, 7.152154922,72.969070435, 0.304593742,-0.701691151, 0.705738187,-0.097791448, 0.701375723, 0.708355725, 0.079399154, 0.125306144,-0.012874864,-0.992034554,147.432952881,-221.752487183,-1473.238891602, 0.156341970,,,,,,,,,,,,,,
54, 0.793238938, 0.485697299, 0.367246687, 0.541228414,-0.838749766,-0.059755486, 0.279004961, 0.246164709,-0.928202152,-10.796221733, 7.120497227,73.007202148, 0.304116905,-0.701716423, 0.705720723,-0.097735956, 0.701334417, 0.708376288, 0.079581000, 0.125395790,-0.012702296,-0.992025495,147.431259155,-221.753494263,-1473.241821289, 0.155916005,,,,,,,,,,,,,,
55, 0.794102132, 0.485195398, 0.366042674, 0.540061235,-0.839572310,-0.058755785, 0.278811246, 0.244343534,-0.928741336,-10.803631783, 7.100618362,73.150695801, 0.305404216,-0.701733649, 0.705714345,-0.097658455, 0.701365352, 0.708379745, 0.079277083, 0.125126243,-0.012862859,-0.992057443,147.428161621,-221.752532959,-1473.240844727, 0.157501429,,,,,,,,,,,,,,
56, 0.795131862, 0.484117746, 0.365233243, 0.538990021,-0.840191483,-0.059733324, 0.277947873, 0.244352937,-0.928997636,-10.838925362, 7.069312572,73.194358826, 0.304599345,-0.701711833, 0.705726862,-0.097724207, 0.701330841, 0.708371162, 0.079657353, 0.125441357,-0.012640491,-0.992020488,147.425781250,-221.752578735,-1473.241455078, 0.157212436,,,,,,,,,,,,,,
57, 0.795785189, 0.482649654, 0.365753114, 0.537946701,-0.840772808,-0.060946412, 0.278099477, 0.245255917,-0.928714275,-10.891015053, 7.074656010,73.246437073, 0.305007577,-0.701669455, 0.705715954,-0.098106630, 0.701301515, 0.708379567, 0.079841010, 0.125841811,-0.012780329,-0.991968036,147.423095703,-221.753112793,-1473.240234375, 0.156881601,,,,,,,,,,,,,,
58, 0.797442734, 0.481028348, 0.364275724, 0.536579967,-0.841457844,-0.063486964, 0.275983632, 0.246090278,-0.929124653,-10.870135307, 7.077418327,73.220314026, 0.306157559,-0.701655388, 0.705742419,-0.098017469, 0.701344907, 0.708352506, 0.079699516, 0.125678241,-0.012822458,-0.991988182,147.421295166,-221.752487183,-1473.240234375, 0.155932993,,,,,,,,,,,,,,
59, 0.798968256, 0.479605973, 0.362805486, 0.535306215,-0.842103601,-0.065640509, 0.274038255, 0.246656746,-0.929550171,-10.874549866, 7.084094524,73.218254089, 0.305794209,-0.701682091, 0.705704570,-0.098098651, 0.701317847, 0.708388269, 0.079620481, 0.125680462,-0.012930066,-0.991986513,147.420471191,-221.751983643,-1473.236938477, 0.156541333,,,,,,,,,,,,,,
60, 0.800067604, 0.477774203, 0.362799793, 0.533989012,-0.842774451,-0.067727111, 0.273400128, 0.247917369,-0.929402649,-10.880180359, 7.071216583,73.196220398, 0.305019110,-0.701685905, 0.705701828,-0.098090850, 0.701285541, 0.708394110, 0.079852469, 0.125839010,-0.012758338,-0.991968632,147.420227051,-221.752166748,-1473.238159180, 0.156894371,,,,,,,,,,,,,,
61, 0.800523818, 0.476272196, 0.363766909, 0.533249021,-0.843085289,-0.069661237, 0.273508817, 0.249743819,-0.928881526,-10.883663177, 7.084003448,73.200958252, 0.304391235,-0.701668739, 0.705695152,-0.098261476, 0.701300740, 0.708396494, 0.079697147, 0.125849977,-0.012989857,-0.991964221,147.422836304,-221.751113892,-1473.238525391, 0.155779347,,,,,,,,,,,,,,
62, 0.800324321, 0.475442708, 0.365287840, 0.533125222,-0.843073905,-0.070737936, 0.274332821, 0.251357466,-0.928203046,-10.863802910, 7.084747314,73.235336304, 0.305981696,-0.701767862, 0.705615938,-0.098122649, 0.701243997, 0.708474934, 0.079499558, 0.125613585,-0.013017685,-0.991993845,147.427520752,-221.751358032,-1473.239990234, 0.157351404,,,,,,,,,,,,,,
63, 0.799566567, 0.475141972, 0.367332727, 0.533675611,-0.842645407,-0.071687080, 0.275469691, 0.253355116,-0.927322805,-10.841694832, 7.070744514,73.236747742, 0.305437773,-0.701764584, 0.705665112,-0.097792283, 0.701311946, 0.708427787, 0.079320312, 0.125252336,-0.012918709,-0.992040813,147.429229736,-221.752166748,-1473.239990234, 0.157088697,,,,,,,,,,,,,,
64, 0.797760546, 0.475025445, 0.371387839, 0.534666061,-0.842034757,-0.071482003, 0.278765708, 0.255594015,-0.925722122,-10.847169876, 7.080471992,73.231231689, 0.305109084,-0.701759636, 0.705630779,-0.098074734, 0.701267898, 0.708459735, 0.079424061, 0.125526056,-0.013040063,-0.992004633,147.432235718,-221.751998901,-1473.240112305, 0.156436488,,,,,,,,,,,,,,
65, 0.795568228, 0.475454807, 0.375518173, 0.535803854,-0.841456175,-0.069754742, 0.282816857, 0.256698757,-0.924186349,-10.856061935, 7.062219620,73.241355896, 0.304589570,-0.701755226, 0.705645204,-0.098002620, 0.701245427, 0.708449960, 0.079708986, 0.125676215,-0.012787695,-0.991988897,147.430709839,-221.752380371,-1473.236938477, 0.157005787,,,,,,,,,,,,,,
66, 0.793777525, 0.475618780, 0.379083127, 0.536666989,-0.841002584,-0.068580121, 0.286191881, 0.257878721,-0.922817826,-10.821186066, 7.078583717,73.213134766, 0.304933161,-0.701710105, 0.705691874,-0.097989805, 0.701323748, 0.708400309, 0.079461038, 0.125491008,-0.012963964,-0.992010057,147.428268433,-221.752395630,-1473.239135742, 0.157829449,,,,,,,,,,,,,,
67, 0.792657852, 0.475747973, 0.381257564, 0.537200391,-0.840726733,-0.067781366, 0.288286567, 0.258539170,-0.921980679,-10.850601196, 7.100164890,73.202476501, 0.304348588,-0.701669931, 0.705656409,-0.098531313, 0.701279879, 0.708430171, 0.079581477, 0.125959724,-0.013258100,-0.991946757,147.426971436,-221.753723145,-1473.238403320, 0.156475484,,,,,,,,,,,,,,
68, 0.792437315, 0.475506306, 0.382016867, 0.536790311,-0.841085255,-0.066571400, 0.289653629, 0.257816613,-0.921754479,-10.846975327, 7.083954334,73.235946655, 0.305114061,-0.701755762, 0.705597341,-0.098342299, 0.701203823, 0.708493114, 0.079690881, 0.125904515,-0.013034465,-0.991956770,147.425323486,-221.753967285,-1473.239868164, 0.157008752,,,,,,,,,,,,,,
69, 0.793330252, 0.474275798, 0.381692946, 0.535329998,-0.842030108,-0.066385828, 0.289911777, 0.256997585,-0.921902061,-10.822722435, 7.084393501,73.292083740, 0.306189299,-0.701726377, 0.705657065,-0.098123781, 0.701294541, 0.708432913, 0.079428405, 0.125563323,-0.013076659,-0.991999507,147.423553467,-221.753829956,-1473.238891602, 0.157269970,,,,,,,,,,,,,,
70, 0.795049071, 0.472455680, 0.380371690, 0.533287466,-0.843254805,-0.067273974, 0.288966298, 0.256333560,-0.922383666,-10.796010017, 7.052203178,73.320037842, 0.304158032,-0.701745510, 0.705671370,-0.097883150, 0.701328695, 0.708419323, 0.079247124, 0.125264749,-0.013036949,-0.992037654,147.422424316,-221.755691528,-1473.240966797, 0.158035517,,,,,,,,,,,,,,
71, 0.796056509, 0.472672045, 0.377988428, 0.530065238,-0.845936775,-0.058496926, 0.292104453, 0.246925369,-0.923960447,-10.926821709, 6.984246254,73.880035400, 0.307632238,-0.701697171, 0.705696940,-0.098045833, 0.701328576, 0.708394647, 0.079469398, 0.125536442,-0.012998893,-0.992003858,147.421295166,-221.756149292,-1473.239990234, 0.157318950,,,,,,,,,,,,,,
72, 0.797442555, 0.473706484, 0.373747885, 0.529026330,-0.846789360,-0.055487841, 0.290200800, 0.241970852,-0.925869107,-11.117057800, 6.921272755,74.417297363, 0.307027668,-0.701700330, 0.705692410,-0.098055355, 0.701309264, 0.708400428, 0.079586968, 0.125626385,-0.012920932,-0.991993487,147.423934937,-221.756317139,-1473.241577148, 0.157543898,,,,,,,,,,,,,,
73, 0.795848548, 0.473920256, 0.376861572, 0.529539466,-0.846587062,-0.053649724, 0.293620437, 0.242260128,-0.924714565,-11.230669975, 6.873285770,74.751693726, 0.306299776,-0.701766908, 0.705683112,-0.097645342, 0.701296210, 0.708414912, 0.079573274, 0.125326931,-0.012636418,-0.992035031,147.423721313,-221.756576538,-1473.244873047, 0.158225432,,,,,,,,,,,,,,
74, 0.793849468, 0.475672275, 0.378865331, 0.530882478,-0.845953405,-0.050266407, 0.296592057, 0.241036907,-0.924085677,-11.419526100, 6.871747017,75.047042847, 0.308429569,-0.701775789, 0.705644846,-0.097857557, 0.701278627, 0.708448589, 0.079428457, 0.125375330,-0.012884447,-0.992025673,147.426605225,-221.757598877,-1473.242309570, 0.157612711,,,,,,,,,,,,,,
75, 0.789734006, 0.477999300, 0.384495616, 0.532373071,-0.845446289,-0.042420208, 0.304793566, 0.238195807,-0.922151685,-11.632654190, 6.943375111,75.435470581, 0.306687713,-0.701743960, 0.705632091,-0.098177068, 0.701278687, 0.708456218, 0.079360142, 0.125553221,-0.013158982,-0.991999626,147.427322388,-221.758300781,-1473.238891602, 0.156752050,,,,,,,,,,,,,,
76, 0.785211444, 0.480300337, 0.390838295, 0.534098506,-0.844698250,-0.034979735, 0.313339651, 0.236212641,-0.919794440,-11.831130028, 7.025742531,75.756683350, 0.308396190,-0.701744497, 0.705638528,-0.098127328, 0.701284468, 0.708450437, 0.079359971, 0.125517800,-0.013124747,-0.992004573,147.427200317,-221.757995605,-1473.242797852, 0.156159729,,,,,,,,,,,,,,
77, 0.779491007, 0.482568979, 0.399400800, 0.536747932,-0.843254507,-0.028697265, 0.322948098, 0.236746803,-0.916327178,-12.061066628, 7.140275478,75.934486389, 0.309099525,-0.701595187, 0.705738723,-0.098473795, 0.701341629, 0.708350837, 0.079743549, 0.126032099,-0.013116079,-0.991939485,147.428909302,-221.755706787,-1473.241821289, 0.156134456,,,,,,,,,,,,,,
78, 0.772687554, 0.484522432, 0.410112083, 0.539170504,-0.841930866,-0.021155039, 0.335035950, 0.237466589,-0.911789775,-12.169957161, 7.257422447,75.988792419, 0.308647960,-0.701664627, 0.705683589,-0.098373577, 0.701282978, 0.708407402, 0.079756543, 0.125971451,-0.013025367,-0.991948366,147.427947998,-221.754241943,-1473.240234375, 0.156726494,,,,,,,,,,,,,,
79, 0.767840862, 0.486192524, 0.417177647, 0.541168332,-0.840758085,-0.016206272, 0.342866123, 0.238207191,-0.908680439,-12.197001457, 7.383664131,75.946426392, 0.307930470,-0.701757848, 0.705606818,-0.098259166, 0.701264441, 0.708479226, 0.079279557, 0.125554785,-0.013270613,-0.991997957,147.429000854,-221.753265381,-1473.238281250, 0.158279046,,,,,,,,,,,,,,
80, 0.764513969, 0.487044454, 0.422263056, 0.542193174,-0.840159476,-0.012596949, 0.348633021, 0.238578677,-0.906385779,-12.196106911, 7.436074734,75.946937561, 0.309478134,-0.701760113, 0.705626845,-0.098099642, 0.701292157, 0.708460450, 0.079203226, 0.125387624,-0.013214841,-0.992019832,147.427413940,-221.753738403,-1473.236083984, 0.158516288,,,,,,,,,,,,,,
81, 0.762501538, 0.487651229, 0.425191432, 0.543348610,-0.839426279,-0.011657964, 0.351231813, 0.239916369,-0.905028403,-12.207445145, 7.468091965,75.943389893, 0.309910983,-0.701746523, 0.705626547,-0.098198988, 0.701302588, 0.708458424, 0.079128943, 0.125405371,-0.013338746,-0.992015958,147.424774170,-221.751739502,-1473.231323242, 0.157477140,,,,,,,,,,,,,,
82, 0.760213435, 0.488409758, 0.428405732, 0.544496715,-0.838702857,-0.010044342, 0.354399353, 0.240901366,-0.903530657,-12.242170334, 7.455353737,75.955612183, 0.308736354,-0.701713800, 0.705650568,-0.098260187, 0.701265872, 0.708440065, 0.079616956, 0.125793204,-0.013038198,-0.991970837,147.424728394,-221.751419067,-1473.233276367, 0.156756371,,,,,,,,,,,,,,
83, 0.758407652, 0.489139855, 0.430766851, 0.545492113,-0.838070214,-0.008756122, 0.356729895, 0.241620630,-0.902420759,-12.230268478, 7.480738640,75.950988770, 0.310036242,-0.701655984, 0.705693066,-0.098367885, 0.701332510, 0.708393812, 0.079441071, 0.125744209,-0.013248296,-0.991974235,147.422058105,-221.754196167,-1473.236450195, 0.157157242,,,,,,,,,,,,,,
84, 0.756939173, 0.489638180, 0.432778865, 0.545944810,-0.837791860,-0.007006254, 0.359148055, 0.241576687,-0.901472926,-12.198158264, 7.461535931,75.960914612, 0.310053587,-0.701686978, 0.705726445,-0.097905919, 0.701362789, 0.708366275, 0.079419777, 0.125401884,-0.012939749,-0.992021620,147.421676636,-221.754272461,-1473.235107422, 0.157519147,,,,,,,,,,,,,,
85, 0.755937696, 0.489672452, 0.434487075, 0.546239734,-0.837604582,-0.006378336, 0.360805094, 0.242155731,-0.900655448,-12.182339668, 7.467185020,75.966003418, 0.309156716,-0.701769412, 0.705647647,-0.097883210, 0.701289654, 0.708444595, 0.079366639, 0.125349715,-0.012947404,-0.992028117,147.421707153,-221.754623413,-1473.238647461, 0.157269374,,,,,,,,,,,,,,
86, 0.755223274, 0.489208579, 0.436248511, 0.546197772,-0.837633014,-0.006244199, 0.362361431, 0.242993727,-0.899804592,-12.191430092, 7.470171928,75.974166870, 0.308914065,-0.701816618, 0.705588758,-0.097968988, 0.701226234, 0.708502829, 0.079407364, 0.125440255,-0.012969013,-0.992016375,147.422958374,-221.756530762,-1473.242309570, 0.157356471,,,,,,,,,,,,,,
87, 0.755990207, 0.488175690, 0.436077118, 0.545535207,-0.838053703,-0.007571769, 0.361759692, 0.243619621,-0.899877429,-12.224233627, 7.453489304,75.992469788, 0.310144544,-0.701809049, 0.705572367,-0.098141171, 0.701152503, 0.708523095, 0.079876326, 0.125893816,-0.012753992,-0.991961718,147.424209595,-221.758941650,-1473.244262695, 0.156376988,,,,,,,,,,,,,,
88, 0.757835627, 0.487016708, 0.434165746, 0.544525206,-0.838688552,-0.009685861, 0.359412670, 0.243754491,-0.900780916,-12.225816727, 7.470777988,76.031501770, 0.309435874,-0.701770484, 0.705602527,-0.098199971, 0.701209188, 0.708489597, 0.079675205, 0.125792682,-0.012945016,-0.991972089,147.423156738,-221.760147095,-1473.245117188, 0.156104505,,,,,,,,,,,,,,
89, 0.760234654, 0.485696703, 0.431441784, 0.543456614,-0.839340806,-0.012723496, 0.355946958, 0.244142741,-0.902051032,-12.190296173, 7.489174843,76.022056580, 0.309620142,-0.701745629, 0.705655277,-0.097998157, 0.701313078, 0.708433986, 0.079254575, 0.125351638,-0.013110834,-0.992025793,147.424087524,-221.761108398,-1473.244750977, 0.158073291,,,,,,,,,,,,,,
90, 0.761886835, 0.484815001, 0.429514676, 0.542645812,-0.839834750,-0.014598439, 0.353643805, 0.244196698,-0.902941883,-12.222373962, 7.492760658,76.048194885, 0.310337245,-0.701778650, 0.705590785,-0.098225676, 0.701228738, 0.708497763, 0.079430021, 0.125637770,-0.013136372,-0.991989195,147.424560547,-221.762283325,-1473.244506836, 0.157583654,,,,,,,,,,,,,,
91, 0.763389468, 0.484285265, 0.427439153, 0.542426705,-0.839928627,-0.017120084, 0.350727409, 0.244923726,-0.903881967,-12.218999863, 7.508447170,76.030929565, 0.309575558,-0.701744854, 0.705614150,-0.098299980, 0.701273501, 0.708471358, 0.079270549, 0.125577137,-0.013307470,-0.991994619,147.425842285,-221.761901855,-1473.245483398, 0.157383606,,,,,,,,,,,,,,
92, 0.764059544, 0.483971447, 0.426596582, 0.542591989,-0.839779437,-0.019089077, 0.349008471, 0.246053070,-0.904240489,-12.196374893, 7.508341789,76.031723022, 0.308929056,-0.701719522, 0.705657959,-0.098165780, 0.701333523, 0.708427429, 0.079132058, 0.125383496,-0.013318442,-0.992018938,147.426025391,-221.759063721,-1473.244873047, 0.158855751,,,,,,,,,,,,,,
93, 0.764007211, 0.484290510, 0.426328093, 0.543465376,-0.839177370,-0.020654958, 0.347761929, 0.247475103,-0.904332697,-12.199040413, 7.490305424,76.050277710, 0.308086038,-0.701692104, 0.705684662,-0.098170035, 0.701342165, 0.708402634, 0.079276368, 0.125488028,-0.013223186,-0.992007017,147.422546387,-221.759033203,-1473.244628906, 0.157403454,,,,,,,,,,,,,,
94, 0.763089001, 0.484672934, 0.427536279, 0.544744313,-0.838315129,-0.021939000, 0.347776920, 0.249639362,-0.903731883,-12.195606232, 7.471836090,76.052322388, 0.307416707,-0.701746762, 0.705604672,-0.098354422, 0.701228619, 0.708483875, 0.079555616, 0.125817329,-0.013141037,-0.991966426,147.423522949,-221.760513306,-1473.244262695, 0.156971410,,,,,,,,,,,,,,
95, 0.762139618, 0.484860361, 0.429014713, 0.545694113,-0.837676942,-0.022700211, 0.348369300, 0.251411527,-0.903012216,-12.146258354, 7.442836285,76.086029053, 0.307564676,-0.701714516, 0.705670476,-0.098111466, 0.701277375, 0.708422720, 0.079669558, 0.125724852,-0.012898064,-0.991981268,147.419708252,-221.759277344,-1473.241088867, 0.156808704,,,,,,,,,,,,,,
96, 0.761031926, 0.485269636, 0.430515796, 0.546607256,-0.837081254,-0.022706470, 0.349357903, 0.252603412,-0.902297437,-12.083994865, 7.419167995,76.158004761, 0.307394654,-0.701765597, 0.705657244,-0.097840957, 0.701270163, 0.708438456, 0.079592727, 0.125479490,-0.012757505,-0.992014170,147.418701172,-221.759475708,-1473.244262695, 0.157572791,,,,,,,,,,,,,,
97, 0.759998024, 0.485832125, 0.431706101, 0.547712624,-0.836349964,-0.023012994, 0.349876940, 0.253940731,-0.901720703,-12.056141853, 7.426477909,76.256568909, 0.307470918,-0.701745808, 0.705616474,-0.098275863, 0.701245725, 0.708472371, 0.079506367, 0.125726745,-0.013122269,-0.991978109,147.420684814,-221.760131836,-1473.244750977, 0.157753140,,,,,,,,,,,,,,
98, 0.758675635, 0.486380756, 0.433410972, 0.548760891,-0.835668623,-0.022792116, 0.351102293, 0.255130798,-0.900908113,-11.991572380, 7.416951656,76.315582275, 0.306839198,-0.701699793, 0.705657721,-0.098308213, 0.701283336, 0.708431184, 0.079541542, 0.125773713,-0.013127629,-0.991972089,147.419830322,-221.759033203,-1473.241210938, 0.157772943,,,,,,,,,,,,,,
99, 0.756500661, 0.487753123, 0.435664624, 0.550500572,-0.834556162,-0.021568533, 0.353066474, 0.256150216,-0.899850607,-11.970902443, 7.404100895,76.368415833, 0.308967143,-0.701689720, 0.705653727,-0.098409995, 0.701262534, 0.708435893, 0.079684034, 0.125946492,-0.013097777,-0.991950631,147.420822144,-221.758071899,-1473.241699219, 0.156690821,,,,,,,,,,,,,,
100, 0.753952503, 0.489130735, 0.438527882, 0.552422881,-0.833316922,-0.020294517, 0.355506033, 0.257553935,-0.898488402,-11.951691628, 7.405481339,76.379081726, 0.306953907,-0.701658845, 0.705650032,-0.098655269, 0.701248825, 0.708437622, 0.079788759, 0.126194045,-0.013197398,-0.991917789,147.421661377,-221.756881714,-1473.245117188, 0.156133085,,,,,,,,,,,,,,
101, 0.752201438, 0.490780920, 0.439689785, 0.554089308,-0.832241178,-0.018964835, 0.356620371, 0.257892787,-0.897949457,-11.881484985, 7.398754120,76.382156372, 0.308067501,-0.701679409, 0.705679476,-0.098297760, 0.701319456, 0.708408117, 0.079428382, 0.125685915,-0.013204878,-0.991982222,147.423370361,-221.755233765,-1473.242675781, 0.157860234,,,,,,,,,,,,,,
102, 0.749766588, 0.492383659, 0.442050189, 0.555399299,-0.831431448,-0.015918097, 0.359696597, 0.257449210,-0.896849096,-11.853634834, 7.378245831,76.408828735, 0.307626009,-0.701704741, 0.705692112,-0.098025806, 0.701313376, 0.708400667, 0.079548962, 0.125578627,-0.012926922,-0.991999447,147.424301147,-221.754745483,-1473.244140625, 0.157771319,,,,,,,,,,,,,,
103, 0.747281909, 0.493835717, 0.444630325, 0.556738734,-0.830582798,-0.013200399, 0.362783462, 0.257407337,-0.895616949,-11.872146606, 7.369721889,76.419075012, 0.308068186,-0.701731563, 0.705636263,-0.098236412, 0.701217771, 0.708458126, 0.079879746, 0.125962421,-0.012830979,-0.991952062,147.423049927,-221.753784180,-1473.242675781, 0.157385126,,,,,,,,,,,,,,
104, 0.745715797, 0.495291412, 0.445639282, 0.557835519,-0.829877019,-0.011120554, 0.364317894, 0.256886184,-0.895143509,-11.846833229, 7.379184246,76.442382813, 0.308308363,-0.701718330, 0.705651760,-0.098219171, 0.701272070, 0.708438873, 0.079573140, 0.125733197,-0.013040427,-0.991978407,147.424240112,-221.754089355,-1473.244750977, 0.157357872,,,,,,,,,,,,,,
105, 0.744571447, 0.496380627, 0.446340203, 0.558533967,-0.829429388,-0.009310818, 0.365585983, 0.256228745,-0.894814909,-11.820514679, 7.356145382,76.462081909, 0.309367687,-0.701770782, 0.705623269,-0.098048933, 0.701239944, 0.708469689, 0.079581730, 0.125619411,-0.012907698,-0.991994500,147.424942017,-221.753540039,-1473.245849609, 0.157486469,,,,,,,,,,,,,,
106, 0.743794143, 0.496940821, 0.447012335, 0.558990955,-0.829131424,-0.008377718, 0.366468757, 0.256107152,-0.894488513,-11.783184052, 7.350193977,76.465957642, 0.309470445,-0.701779842, 0.705617070,-0.098028272, 0.701261699, 0.708473146, 0.079359122, 0.125447556,-0.013050836,-0.992014349,147.422317505,-221.753555298,-1473.246826172, 0.156418294,,,,,,,,,,,,,,
107, 0.743312538, 0.497344613, 0.447364241, 0.559151232,-0.829032660,-0.007397133, 0.367200643, 0.255642653,-0.894321263,-11.753354073, 7.340465069,76.479148865, 0.309398174,-0.701743007, 0.705623865,-0.098243244, 0.701267660, 0.708463907, 0.079388604, 0.125620291,-0.013184413,-0.991990805,147.420288086,-221.755371094,-1473.246948242, 0.156436011,,,,,,,,,,,,,,
108, 0.742368519, 0.498267889, 0.447904170, 0.559606791,-0.828739464,-0.005582009, 0.368414521, 0.254794121,-0.894064128,-11.719282150, 7.302336216,76.487136841, 0.307829201,-0.701793671, 0.705586851,-0.098146886, 0.701206923, 0.708504438, 0.079562657, 0.125675872,-0.012984706,-0.991986334,147.418884277,-221.754959106,-1473.246215820, 0.157197952,,,,,,,,,,,,,,
