Number of frames: 3884,,,,,,,,,,,,,,,,,,,,,,,,,,,,,,,,,,,,,,,
Frequency: 100,,,,,,,,,,,,,,,,,,,,,,,,,,,,,,,,,,,,,,,
Units: mm,,,,,,,,,,,,,,,,,,,,,,,,,,,,,,,,,,,,,,,
,,,,,,,,,,,,,,,,,,,,,,,,,,,,,,,,,,,,,,,
Frame,Digitizing Probe R00,Digitizing Probe R01,Digitizing Probe R02,Digitizing Probe R10,Digitizing Probe R11,Digitizing Probe R12,Digitizing Probe R20,Digitizing Probe R21,Digitizing Probe R22,Digitizing Probe x,Digitizing Probe y,Digitizing Probe z,Digitizing Probe Error,HumMarker R00,HumMarker R01,HumMarker R02,HumMarker R10,HumMarker R11,HumMarker R12,HumMarker R20,HumMarker R21,HumMarker R22,HumMarker x,HumMarker y,HumMarker z,HumMarker Error,StemMarker R00,StemMarker R01,StemMarker R02,StemMarker R10,StemMarker R11,StemMarker R12,StemMarker R20,StemMarker R21,StemMarker R22,StemMarker x,StemMarker y,StemMarker z,StemMarker Error
1,0.845981956,0.513108611,0.145031348,0.531668901,-0.791057169,-0.302583367,-0.040530045,0.333088726,-0.942023993,-3.879659653,6.183864117,58.80163193,0.334579259,-0.701081038,0.711637855,-0.045353509,0.710573018,0.702530503,0.039202847,0.059760451,-0.004742609,-0.998201489,141.9817963,-242.5115204,-1590.674805,0.143752128,-0.03179365,0.998582661,0.042684495,-0.989876866,-0.037369173,0.136921108,0.138322115,-0.03789917,0.989661932,-125.1368942,285.8236694,-138.3979645,0.10872405
2,0.844739914,0.514732122,0.146510705,0.533700526,-0.789905012,-0.302016199,-0.039727893,0.333317965,-0.941977084,-3.852032185,6.188879013,58.80599213,0.335117459,-0.70105648,0.711671591,-0.045203786,0.710621536,0.702495754,0.038945824,0.059472106,-0.004819563,-0.998218298,141.9784241,-242.5101624,-1590.673462,0.144062102,-0.031755403,0.998577595,0.042830866,-0.989932775,-0.037336309,0.136525005,0.137929946,-0.038064271,0.989710271,-125.1626282,285.817749,-138.3829956,0.108440056
3,0.843201935,0.516394615,0.149489731,0.536325097,-0.788913548,-0.299951404,-0.03695881,0.333094686,-0.942168772,-3.831736565,6.162308216,58.78426743,0.333201289,-0.701108694,0.71164757,-0.044769913,0.710591137,0.702522516,0.039016414,0.059217807,-0.004458355,-0.998235106,141.9732361,-242.5102234,-1590.673584,0.144152924,-0.031633239,0.998574495,0.04299207,-0.989984095,-0.037224256,0.136182934,0.137589157,-0.038253557,0.989750385,-125.2154007,285.8619995,-138.2497711,0.108079545
4,0.841856837,0.517846823,0.152025566,0.538624287,-0.788371801,-0.297243744,-0.034074061,0.332121313,-0.942621052,-3.835117579,6.169841766,58.80284119,0.334425867,-0.701053441,0.711693704,-0.044900481,0.710629046,0.702475727,0.039167918,0.059417065,-0.004448783,-0.998223305,141.9689484,-242.509903,-1590.670898,0.144345403,-0.031715907,0.998593569,0.042484481,-0.989953697,-0.037244465,0.136398092,0.137788579,-0.037731681,0.989742696,-125.1700668,285.8725586,-138.2652588,0.109475732
5,0.840811312,0.51921916,0.153126776,0.540348172,-0.787995458,-0.295105129,-0.032561015,0.330869496,-0.943114638,-3.865427256,6.167661667,58.81387711,0.33431837,-0.701053083,0.711678922,-0.045140013,0.710602224,0.702490628,0.039386734,0.059741151,-0.004464403,-0.998203874,141.9678955,-242.5084534,-1590.671997,0.144521922,-0.031740461,0.998598874,0.042340748,-0.989964187,-0.037246067,0.136321723,0.137707755,-0.037588909,0.989759386,-125.1305237,285.8652649,-138.3110657,0.109264798
6,0.840506017,0.520361066,0.150910452,0.540709496,-0.787935734,-0.294602215,-0.034391776,0.329213649,-0.943628967,-3.83644104,6.15047121,58.7835083,0.330866575,-0.701100826,0.711663187,-0.044644367,0.710597396,0.702507854,0.039166339,0.059236262,-0.00426462,-0.998234868,141.968689,-242.5090637,-1590.67041,0.144385338,-0.031643741,0.998570561,0.043075401,-0.99000591,-0.037239846,0.136020124,0.137429819,-0.038340718,0.98976922,-125.2103195,285.8890686,-138.191391,0.107444912
7,0.840393245,0.520957589,0.149473965,0.540826857,-0.788125873,-0.293877482,-0.035293415,0.327812165,-0.944083452,-3.852077961,6.159297943,58.78635407,0.333815545,-0.701089621,0.711656451,-0.044927809,0.710584342,0.702514052,0.039293632,0.059525982,-0.004376641,-0.998217165,141.9720306,-242.5093536,-1590.670654,0.143594727,-0.031648148,0.998583853,0.042762779,-0.989992201,-0.037205376,0.136129364,0.1375276,-0.038026575,0.98976773,-125.1706619,285.8737793,-138.2623596,0.108506605
8,0.840034664,0.521779776,0.14861919,0.541356087,-0.788117588,-0.292923719,-0.035712276,0.326521993,-0.944514692,-3.862404823,6.150819778,58.79774094,0.333500445,-0.701071084,0.711678088,-0.044873275,0.710593045,0.702493191,0.039506819,0.059639309,-0.00418955,-0.998211145,141.9762421,-242.5084534,-1590.668945,0.143921867,-0.031674448,0.998589993,0.042600166,-0.990042508,-0.037195135,0.135765687,0.137158781,-0.037875675,0.989824712,-125.1518555,285.902771,-138.2209625,0.109160483
9,0.840059757,0.522592366,0.145591334,0.541100323,-0.787939191,-0.293874562,-0.038859498,0.325651705,-0.944690943,-3.855551004,6.155633926,58.80783844,0.33438009,-0.701106131,0.711647332,-0.044813339,0.710570574,0.702524006,0.039363515,0.059495389,-0.004245039,-0.99821955,141.9791107,-242.5090485,-1590.669556,0.144129515,-0.031692147,0.998576283,0.042906687,-0.990045488,-0.03725335,0.135728151,0.13713333,-0.038178053,0.989816606,-125.18396,285.8900757,-138.2189331,0.110467568
10,0.840161264,0.523413718,0.142010868,0.540657818,-0.78774929,-0.295195222,-0.042640276,0.324790865,-0.944824159,-3.879550695,6.164643288,58.83907318,0.335587353,-0.701062739,0.711676657,-0.045026887,0.710598826,0.702493548,0.039396886,0.05966894,-0.004376366,-0.998208642,141.9812775,-242.5097504,-1590.6698,0.143820748,-0.031704769,0.998592854,0.042508993,-0.990011692,-0.037220977,0.135983318,0.137374207,-0.03777308,0.989798725,-125.1435089,285.8780212,-138.2760773,0.110118099
11,0.840314507,0.524126232,0.138431355,0.540091395,-0.787487328,-0.296925753,-0.046613634,0.324276596,-0.944813132,-3.864655733,6.173491478,58.84653473,0.336182743,-0.701092362,0.711651802,-0.044958103,0.710588217,0.702517986,0.039152291,0.05944667,-0.004497326,-0.998221338,141.9814911,-242.5099487,-1590.670654,0.144413739,-0.031588204,0.998590946,0.042641111,-0.989953637,-0.037140574,0.136426598,0.137818083,-0.037903253,0.989732027,-125.1808319,285.8569946,-138.2845612,0.109247856
12,0.84060818,0.524823904,0.133931637,0.539203107,-0.787387908,-0.298797935,-0.051360168,0.323388338,-0.944871426,-3.862084866,6.169201374,58.88447189,0.337656438,-0.701123655,0.711637616,-0.044694211,0.710577488,0.702533185,0.039073765,0.059205528,-0.004363159,-0.998236299,141.9780121,-242.508667,-1590.671143,0.144764394,-0.031527348,0.998575687,0.043041661,-0.989941955,-0.037138853,0.136512205,0.137916297,-0.03830488,0.98970288,-125.223999,285.870636,-138.2178497,0.109685376
13,0.841046035,0.525081873,0.130117729,0.538078368,-0.787191391,-0.301332712,-0.055796791,0.323448211,-0.94459939,-3.899882317,6.147437096,58.88669205,0.337898314,-0.701069355,0.711684108,-0.044804703,0.710596025,0.702487648,0.039552335,0.059623517,-0.004109113,-0.998212457,141.9750519,-242.5093384,-1590.672119,0.144054115,-0.031661008,0.998597264,0.042439803,-0.989984334,-0.03717614,0.136195078,0.137581781,-0.037702665,0.989772618,-125.15065,285.9129944,-138.1972351,0.110066414
14,0.841354847,0.52549082,0.126417413,0.537128806,-0.786922216,-0.303720474,-0.060121648,0.323439121,-0.94433707,-3.913454294,6.138150215,58.91472244,0.339866132,-0.701119661,0.71164,-0.04471869,0.710541904,0.702533305,0.039713141,0.059677828,-0.003930843,-0.998209953,141.9724884,-242.5094757,-1590.670288,0.143939137,-0.031628858,0.998596668,0.042476643,-0.990035534,-0.037135541,0.135833114,0.137219891,-0.03775714,0.989820719,-125.1643906,285.9293823,-138.1527405,0.109826721
15,0.84143132,0.525807559,0.124578454,0.536665976,-0.786234915,-0.306307524,-0.063110866,0.324593753,-0.943745673,-3.938627243,6.163414478,58.90435028,0.340405583,-0.701084495,0.711635351,-0.045339078,0.710538924,0.70253545,0.039729089,0.060124934,-0.004361729,-0.998181343,141.9704285,-242.5086517,-1590.672607,0.143643379,-0.031648438,0.998604715,0.042272642,-0.990008652,-0.037134346,0.136029005,0.137408972,-0.037545174,0.989802539,-125.0973358,285.872406,-138.3368378,0.109333962
16,0.84110564,0.526627839,0.123306349,0.536964297,-0.78569001,-0.307181507,-0.064889766,0.324583203,-0.943628669,-3.917548895,6.155299664,58.93561935,0.340846807,-0.701166153,0.711584449,-0.044873785,0.710497856,0.70258826,0.039529156,0.059656125,-0.004166223,-0.998210311,141.9730072,-242.5081787,-1590.67627,0.143165097,-0.031518094,0.998580396,0.042939994,-0.990026116,-0.037092514,0.135913342,0.137313142,-0.038227987,0.989789724,-125.1852493,285.885498,-138.2260895,0.108993143
17,0.841300786,0.527080953,0.119994402,0.53613627,-0.785224199,-0.309807867,-0.069071315,0.324974954,-0.943196952,-3.893588781,6.153875351,58.94113922,0.340823591,-0.701129317,0.71163857,-0.044589531,0.710570991,0.702533185,0.039191667,0.059215926,-0.004205602,-0.998236299,141.9749146,-242.5078583,-1590.672363,0.144133627,-0.031575277,0.998569667,0.043147229,-0.989966869,-0.037193362,0.136316597,0.137726396,-0.03841009,0.989725232,-125.2242432,285.8902588,-138.1773529,0.108805746
18,0.841857672,0.52690506,0.11681895,0.534795821,-0.785319865,-0.311875105,-0.072588332,0.325028718,-0.942914188,-3.902751446,6.138134956,58.94482803,0.342912853,-0.70112735,0.711647749,-0.044474218,0.710567713,0.702525198,0.039393809,0.059278771,-0.003981869,-0.998233557,141.9754334,-242.5088959,-1590.678223,0.144379318,-0.031481739,0.998586953,0.042814072,-0.990023375,-0.037040457,0.135947227,0.137340978,-0.038107079,0.989790559,-125.2154388,285.9209595,-138.1286469,0.10898149
19,0.842635512,0.52639401,0.113466591,0.533042014,-0.78550905,-0.314391017,-0.076364517,0.325399518,-0.942487955,-3.915137529,6.141955376,58.92725372,0.341916949,-0.701144874,0.711616218,-0.044699997,0.71053499,0.702556252,0.039428849,0.059462477,-0.004115578,-0.998221993,141.9756165,-242.5102539,-1590.67688,0.144500494,-0.031535119,0.998584151,0.042838547,-0.990022779,-0.037096325,0.135936439,0.13733314,-0.038124368,0.989790916,-125.1990738,285.8986511,-138.1880341,0.109002642
20,0.84331423,0.526052713,0.109953061,0.531455874,-0.785915434,-0.316056132,-0.079848379,0.324969858,-0.942347527,-3.934297562,6.140436172,58.9325943,0.3419348,-0.701172292,0.711584628,-0.044774391,0.710502088,0.702588141,0.039454453,0.059533142,-0.004147928,-0.998217702,141.9740295,-242.5115509,-1590.676025,0.144182503,-0.031543233,0.998579383,0.042943947,-0.990032732,-0.037115879,0.135859028,0.13725993,-0.038230479,0.989796996,-125.2007065,285.8900452,-138.206955,0.109218478
21,0.844083905,0.525458753,0.106843203,0.529811978,-0.786594808,-0.317124307,-0.082593448,0.324286342,-0.942346394,-3.942633152,6.149708748,58.95910645,0.343212903,-0.701112509,0.711638927,-0.044847567,0.710554004,0.702533066,0.039502058,0.059618097,-0.00417123,-0.998212576,141.9702759,-242.5108185,-1590.672974,0.143737048,-0.031702258,0.99859488,0.042464249,-0.989973962,-0.037222773,0.136257127,0.137646303,-0.037718844,0.989763021,-125.1684723,285.8981934,-138.2202301,0.109107397
22,0.844612658,0.525200427,0.10389372,0.528553426,-0.787109494,-0.317946315,-0.085209817,0.323454887,-0.942399204,-3.962509871,6.14136219,58.98472214,0.345641136,-0.701113403,0.711637676,-0.044852879,0.71053803,0.702535272,0.039748117,0.059796985,-0.004001736,-0.998202503,141.972641,-242.5115662,-1590.67627,0.144411519,-0.031648029,0.998597324,0.042446442,-0.990021706,-0.037154026,0.135928437,0.137314841,-0.037721034,0.989808917,-125.1446686,285.9182739,-138.1985168,0.109554105
23,0.845006287,0.525172889,0.100786261,0.527418554,-0.787360311,-0.319207668,-0.088284098,0.32288903,-0.942310274,-3.975534439,6.146487713,58.99635315,0.345567167,-0.701064765,0.711676478,-0.044997502,0.710573792,0.702495575,0.039810181,0.059942517,-0.004064531,-0.998193562,141.9727478,-242.5111847,-1590.677246,0.143819064,-0.031730495,0.998593211,0.042482499,-0.99002564,-0.037238784,0.135877073,0.137267917,-0.037747316,0.989814401,-125.1073608,285.9173584,-138.2357941,0.109971449
24,0.845125616,0.525532603,0.097868681,0.526685476,-0.787266076,-0.32064712,-0.091461822,0.322533071,-0.942129076,-3.962067366,6.150637627,58.99215317,0.346241176,-0.701100111,0.711645782,-0.044931613,0.710556388,0.702526033,0.039582364,0.059734251,-0.004175247,-0.998205543,141.976059,-242.508606,-1590.677002,0.144213691,-0.031692758,0.998590231,0.042580746,-0.989961326,-0.037232824,0.136346355,0.137739539,-0.0378321,0.989745736,-125.1491776,285.8961182,-138.2396088,0.109158471
25,0.844818652,0.526547432,0.095022082,0.526600659,-0.786814451,-0.32189244,-0.094726898,0.321979433,-0.9419958,-3.961990833,6.128633499,58.99523544,0.346666127,-0.701194167,0.71157515,-0.044580624,0.710485339,0.702598929,0.039563306,0.059474569,-0.003932319,-0.998222053,141.9788818,-242.5093689,-1590.675171,0.144162819,-0.031513818,0.99858427,0.042852219,-0.990003049,-0.037082773,0.136084005,0.137480423,-0.038135301,0.989770114,-125.2168579,285.9150085,-138.1404266,0.109398805
26,0.844425321,0.527421892,0.093659312,0.526931167,-0.786390245,-0.322387844,-0.096381634,0.321584463,-0.941962838,-3.955544949,6.133917332,59.02765274,0.348687589,-0.701190948,0.711582363,-0.044516742,0.710491538,0.702591896,0.039576191,0.059438828,-0.003878303,-0.998224378,141.9776917,-242.5094452,-1590.676636,0.144898057,-0.031533845,0.998558462,0.043435272,-0.989982784,-0.037187565,0.136202514,0.137621418,-0.038705185,0.989728391,-125.2194595,285.9238281,-138.1212921,0.109253205
27,0.843737125,0.528424323,0.094209373,0.5280146,-0.785562992,-0.322631925,-0.096479163,0.321960479,-0.941824436,-3.987013578,6.141872406,59.0438118,0.347360164,-0.701108336,0.711636543,-0.044951163,0.710525751,0.702536881,0.039939623,0.060002338,-0.003936954,-0.998190463,141.9784088,-242.509964,-1590.679688,0.143017709,-0.03173231,0.998582959,0.04272265,-0.989964247,-0.037290189,0.136309296,0.13770926,-0.037968487,0.989744663,-125.1177826,285.9261169,-138.2091217,0.109111637
28,0.842559576,0.529992342,0.095924318,0.529948115,-0.783966601,-0.323343903,-0.096168332,0.323271424,-0.941407025,-3.984143734,6.132283688,58.99967575,0.345313549,-0.701117396,0.711628377,-0.04493814,0.710529923,0.702544272,0.039733659,0.059846632,-0.004071931,-0.998199224,141.9760284,-242.5095978,-1590.676758,0.143509269,-0.031776682,0.998584151,0.042660125,-0.989988565,-0.037318494,0.136124939,0.137524217,-0.037907436,0.989772797,-125.1417847,285.9072571,-138.2255402,0.109547831
29,0.841149926,0.531602442,0.099326059,0.532704711,-0.782797396,-0.321642578,-0.093233809,0.323461086,-0.941637099,-3.927420139,6.108641624,59.02450943,0.347310156,-0.701249719,0.711547792,-0.044142816,0.710445344,0.702629089,0.039747324,0.059298143,-0.003488258,-0.998234212,141.9734497,-242.5107574,-1590.678223,0.144874543,-0.03148989,0.998566628,0.043279607,-0.990086555,-0.037094072,0.135472283,0.136883512,-0.038584549,0.989835441,-125.2611771,285.967804,-137.9928894,0.109645739
30,0.83965534,0.533581316,0.101340212,0.535111725,-0.780823708,-0.322443426,-0.092920944,0.324969679,-0.94114846,-3.940279007,6.131765366,59.01537323,0.344910204,-0.701175034,0.711591899,-0.044615164,0.710504234,0.702581704,0.039529312,0.059474543,-0.003982299,-0.998221815,141.9707794,-242.5108643,-1590.678711,0.145028621,-0.031627044,0.998573959,0.043008912,-0.989997149,-0.037216835,0.136089891,0.137496471,-0.038274582,0.989762485,-125.2095337,285.9127808,-138.1555939,0.109210245
31,0.838110507,0.535494983,0.103999108,0.537696838,-0.778836429,-0.322948635,-0.091939077,0.326586634,-0.940684974,-3.945800543,6.141777515,58.98188019,0.344210893,-0.701147318,0.711598337,-0.044947702,0.710521221,0.70257324,0.039376121,0.059599031,-0.004327834,-0.998212993,141.9689941,-242.5112305,-1590.681519,0.14431943,-0.031619631,0.998574972,0.042990483,-0.98995012,-0.037220132,0.136431023,0.137836725,-0.038244538,0.989716291,-125.1827774,285.8687744,-138.2731323,0.108371481
32,0.83664149,0.537350655,0.106232256,0.540260971,-0.777570367,-0.321717888,-0.09027227,0.326555699,-0.940857232,-3.948337555,6.139163971,59.02399826,0.344796121,-0.701105297,0.711644769,-0.044866256,0.71055764,0.702527106,0.039541341,0.059659157,-0.004157416,-0.998210132,141.968689,-242.5112915,-1590.678955,0.144372568,-0.03167608,0.998573363,0.042985931,-0.989975393,-0.037267879,0.136234626,0.137642264,-0.038239636,0.98974359,-125.1598129,285.8997498,-138.2280273,0.108949728
33,0.835524619,0.538851738,0.107412465,0.542106867,-0.776588261,-0.320984155,-0.089547612,0.326419204,-0.940973818,-3.936650991,6.125985622,59.02484131,0.346085012,-0.701174498,0.711591244,-0.044633985,0.710499585,0.702582598,0.039598029,0.059536669,-0.003947298,-0.998218298,141.9692841,-242.5095825,-1590.674316,0.143878475,-0.031612776,0.99856782,0.043162774,-0.990031362,-0.037214257,0.135842085,0.137253791,-0.038438153,0.989789844,-125.2038651,285.9163208,-138.1483917,0.109495275
34,0.834959745,0.539719582,0.107447505,0.542924941,-0.776017189,-0.320982456,-0.089859419,0.326343358,-0.940970361,-3.958769321,6.118432522,59.00494003,0.344371021,-0.70116055,0.711590707,-0.04486189,0.710485458,0.702583194,0.039840847,0.059869587,-0.00393889,-0.99819839,141.9738007,-242.5084381,-1590.67627,0.144018203,-0.031619329,0.998571813,0.043063842,-0.990055263,-0.03720054,0.135671392,0.137079641,-0.038345747,0.98981756,-125.1565704,285.9151611,-138.1941834,0.109443016
35,0.834683537,0.540208697,0.107135251,0.543262601,-0.775710583,-0.321152419,-0.090383388,0.326263219,-0.940948009,-3.959212065,6.132274628,58.9779129,0.344392359,-0.701138377,0.711595416,-0.045133289,0.710502625,0.702576578,0.039651532,0.059925433,-0.00426611,-0.998193741,141.9779511,-242.5087433,-1590.678101,0.14419198,-0.031563163,0.998577297,0.042978223,-0.990016878,-0.037144512,0.135966554,0.137369528,-0.038257632,0.989780784,-125.1396179,285.8731689,-138.2969971,0.110032193
36,0.834578753,0.540468633,0.106639281,0.543459296,-0.776066244,-0.319958001,-0.090168126,0.324984282,-0.941411138,-3.940466642,6.129466057,59.00019836,0.345126152,-0.701108456,0.71164465,-0.04481975,0.710557759,0.702527463,0.039533399,0.059620839,-0.004129819,-0.998212516,141.9788361,-242.5089264,-1590.677856,0.143374369,-0.031651605,0.99856329,0.043239526,-0.990030289,-0.037263088,0.135836363,0.13725242,-0.038509,0.989787281,-125.1644211,285.9004517,-138.2156372,0.110103682
37,0.834623873,0.540482879,0.106213264,0.543396354,-0.776370227,-0.319327027,-0.090129964,0.32423386,-0.941673517,-3.972331285,6.127739429,58.99259949,0.344288766,-0.701084673,0.711647391,-0.04514657,0.710543394,0.702524543,0.039840437,0.06006892,-0.004147081,-0.998185575,141.978302,-242.5091095,-1590.675903,0.144159794,-0.031689864,0.998570025,0.043053757,-0.989996374,-0.037284806,0.136077359,0.137488022,-0.038310789,0.989762247,-125.1022949,285.9001465,-138.2729034,0.108671889
38,0.834413052,0.540766537,0.106425568,0.543919504,-0.776829004,-0.317314118,-0.088918395,0.322657973,-0.942329705,-3.980091572,6.112618446,58.99669266,0.344206303,-0.70112443,0.711620271,-0.044957198,0.710505128,0.70255357,0.040011749,0.060058009,-0.003889106,-0.998187304,141.9763184,-242.5088654,-1590.674927,0.143957585,-0.03162441,0.99858886,0.04266445,-0.990051746,-0.037152238,0.135710359,0.13710393,-0.037948251,0.989829481,-125.1197281,285.9289856,-138.1981659,0.108362645
39,0.834069252,0.541245997,0.106682472,0.544650495,-0.777198315,-0.315148443,-0.087659389,0.320960313,-0.943027198,-3.937513828,6.109927654,58.98858261,0.345083892,-0.701146007,0.711627841,-0.044498909,0.710534692,0.70254612,0.039615333,0.059453908,-0.003841886,-0.998223662,141.9754486,-242.5081787,-1590.676514,0.1433862,-0.031543564,0.998576045,0.043022785,-0.990072846,-0.037115712,0.1355661,0.136969879,-0.03831945,0.989833713,-125.1994324,285.9346008,-138.1105652,0.109259337
40,0.83359164,0.541785657,0.107671931,0.545662105,-0.777346671,-0.313025534,-0.085894339,0.319687963,-0.943621635,-3.945241928,6.126685143,58.98672485,0.343754649,-0.701116085,0.71163851,-0.044797651,0.710551858,0.702533722,0.039526485,0.059600431,-0.0041184,-0.998213768,141.9745331,-242.5088043,-1590.678467,0.143609717,-0.031593654,0.998566329,0.043211222,-0.99001354,-0.037207086,0.135973811,0.13738662,-0.038483784,0.989769638,-125.1694641,285.9013367,-138.2075958,0.109089494
41,0.83301276,0.542407691,0.109012268,0.546849191,-0.777333856,-0.310979277,-0.083938614,0.318662971,-0.944144189,-3.939528704,6.12176466,58.96633148,0.342642248,-0.701093614,0.7116642,-0.044742323,0.71057117,0.70250845,0.039630767,0.059635654,-0.004007725,-0.998212159,141.9729309,-242.5084534,-1590.676636,0.144083872,-0.031722311,0.998570502,0.043018959,-0.990039289,-0.037299924,0.135760248,0.137170792,-0.038283832,0.989807308,-125.1571884,285.9212036,-138.180481,0.109317482
42,0.832222044,0.543388724,0.110159516,0.548289895,-0.777062416,-0.309115022,-0.082368813,0.317651719,-0.944623053,-3.925291061,6.123409748,58.96888733,0.343145758,-0.701178968,0.711590469,-0.044577565,0.71051085,0.702582836,0.039391577,0.059350099,-0.004052299,-0.998229027,141.9740295,-242.5088959,-1590.676025,0.144274682,-0.03152395,0.998570263,0.04316983,-0.990069032,-0.037117496,0.135593295,0.137001798,-0.038466677,0.98982358,-125.2266617,285.9006348,-138.1585236,0.109293684
43,0.831593215,0.543936908,0.112184547,0.549589932,-0.776848376,-0.30733937,-0.080022849,0.317236841,-0.944964111,-3.933143854,6.10618782,58.95092392,0.342242211,-0.701201975,0.71156615,-0.044601936,0.710462749,0.702608883,0.039791819,0.059652232,-0.003785912,-0.99821198,141.974884,-242.5090942,-1590.674561,0.143689767,-0.031481728,0.99858588,0.042839084,-0.990116,-0.03701809,0.135277852,0.136672363,-0.038156878,0.989881217,-125.1989899,285.9300537,-138.1184235,0.109176122
44,0.831175745,0.544424355,0.112911701,0.55037111,-0.776755214,-0.306174845,-0.078984275,0.316628426,-0.945255518,-3.939571381,6.089008331,58.93319702,0.339798957,-0.701046109,0.711724877,-0.044521287,0.710605323,0.702449381,0.040062763,0.059787612,-0.003551223,-0.998204827,141.9743958,-242.5094604,-1590.671509,0.144039571,-0.031739093,0.998580933,0.042763714,-0.990135312,-0.037255008,0.135071233,0.136472717,-0.038054824,0.989912689,-125.1197357,285.9921265,-138.0622101,0.109210633
45,0.830774248,0.545179427,0.112220533,0.550938785,-0.776718616,-0.305245131,-0.079249598,0.315416455,-0.945638359,-3.947404623,6.098700523,58.96983719,0.340863496,-0.701130033,0.711643755,-0.044495743,0.710534871,0.70253104,0.039879221,0.059639435,-0.003655257,-0.998213291,141.9730835,-242.5096588,-1590.671631,0.143595874,-0.031642806,0.998567224,0.043153357,-0.990105987,-0.037221484,0.13529475,0.136707142,-0.03844529,0.989865184,-125.1719513,285.9660339,-138.0744171,0.108474642
46,0.83069694,0.545333028,0.11204651,0.55102843,-0.77665627,-0.305242032,-0.07943695,0.315304428,-0.945659995,-3.961546659,6.122479439,58.94870377,0.341505706,-0.701227307,0.711512566,-0.045056976,0.710407436,0.702661633,0.039848179,0.060012285,-0.004066179,-0.99818933,141.9718018,-242.5088348,-1590.673462,0.142373979,-0.031511869,0.998591304,0.042690266,-0.990068078,-0.037040792,0.135621414,0.137011647,-0.037992585,0.989840508,-125.1672058,285.8875427,-138.2391815,0.108096518
47,0.830898046,0.545352161,0.110451475,0.550577044,-0.777102053,-0.304921776,-0.080457687,0.314170957,-0.945950925,-3.943267822,6.120954514,58.94550705,0.341780901,-0.701134861,0.711615503,-0.044870034,0.710512936,0.702557921,0.039796304,0.059843462,-0.003978164,-0.998199821,141.9719849,-242.5091553,-1590.675171,0.143192172,-0.031615011,0.998581827,0.042833976,-0.990075529,-0.037159435,0.135534629,0.136934116,-0.038123943,0.98984623,-125.1497574,285.9180908,-138.194809,0.108894944
48,0.831053615,0.545590997,0.108075455,0.550046504,-0.777399063,-0.305122048,-0.0824541,0.313019335,-0.946160734,-3.965353966,6.109409332,58.93990326,0.340568513,-0.701105356,0.711642206,-0.044907656,0.710528553,0.702531457,0.039984815,0.060003918,-0.003874602,-0.998190641,141.9726257,-242.5086975,-1590.673584,0.142741576,-0.031650666,0.998584867,0.042737551,-0.990096867,-0.037175383,0.135373816,0.136771038,-0.038029645,0.989872396,-125.1186905,285.9372559,-138.1840057,0.109542817
49,0.831326067,0.545655191,0.105628721,0.549332023,-0.777820766,-0.305334687,-0.08444725,0.311857909,-0.946368515,-3.974557877,6.11730814,58.95357132,0.341608763,-0.701100647,0.711636126,-0.045076296,0.710518301,0.702537179,0.040065102,0.06017955,-0.003937864,-0.998179734,141.9745789,-242.5080566,-1590.671997,0.143757775,-0.031652663,0.998602986,0.042310979,-0.990085542,-0.037122648,0.135471791,0.136853218,-0.037603445,0.989877403,-125.096489,285.9267883,-138.2214203,0.109589756
50,0.831481576,0.545873523,0.103249855,0.548864126,-0.77840817,-0.304678321,-0.085945293,0.310004532,-0.946842432,-3.948498249,6.112121582,58.99121094,0.343870252,-0.70116806,0.711602151,-0.04456206,0.710493803,0.702572942,0.039872762,0.059681635,-0.00370356,-0.998210609,141.9767761,-242.5089417,-1590.674316,0.143648937,-0.031534381,0.998584509,0.042832196,-0.990159154,-0.037056725,0.134950191,0.136346385,-0.038155124,0.989926159,-125.1818848,285.950592,-138.0965118,0.110309586
51,0.831729949,0.545816898,0.101533674,0.54829222,-0.778838158,-0.30460912,-0.087182507,0.309022665,-0.947050214,-3.961497545,6.101984978,58.99734879,0.343623161,-0.701165676,0.711608231,-0.04450278,0.710490644,0.702567577,0.040024109,0.059747692,-0.003555277,-0.998207211,141.9787903,-242.5068512,-1590.674438,0.143922448,-0.031603638,0.998583019,0.042815518,-0.990211487,-0.037107781,0.134552032,0.135950163,-0.038144082,0.989981055,-125.172821,285.971344,-138.0617981,0.110506654
52,0.831999719,0.5457564,0.099631332,0.547552943,-0.77893126,-0.305698901,-0.089231171,0.308894843,-0.946901143,-3.984428883,6.125902653,58.99028778,0.34396714,-0.701094925,0.711645186,-0.045022544,0.710537255,0.702527583,0.039897043,0.060022116,-0.004018579,-0.998188913,141.9782715,-242.5059052,-1590.671509,0.142980337,-0.03178383,0.998599112,0.04230383,-0.990100861,-0.03724616,0.135325387,0.136711463,-0.037583902,0.989897668,-125.1123047,285.9177246,-138.2236328,0.110685661
53,0.832028747,0.545851231,0.098866113,0.547401905,-0.779011488,-0.305764824,-0.089884274,0.308524638,-0.946960032,-3.976806164,6.119702816,58.98279572,0.343857735,-0.701128006,0.711621344,-0.044884913,0.710515857,0.70255208,0.039846938,0.05988992,-0.00395364,-0.998197138,141.9771729,-242.506546,-1590.671753,0.143193692,-0.031707447,0.998593867,0.042484768,-0.990087926,-0.037199304,0.135432914,0.136822879,-0.037769426,0.989875257,-125.1403351,285.9210205,-138.1884766,0.110093713
54,0.831829369,0.546076417,0.099300124,0.547778308,-0.778884351,-0.305414617,-0.089436412,0.308447301,-0.947027624,-3.968084574,6.121244907,58.97299194,0.343827844,-0.701167583,0.71158427,-0.044853061,0.710482478,0.702589512,0.039782077,0.059821591,-0.00397341,-0.998201132,141.9741058,-242.5083618,-1590.67395,0.144177005,-0.031599734,0.998595893,0.042517021,-0.990033686,-0.037112974,0.135852903,0.137240082,-0.037800368,0.989816308,-125.1631012,285.9134521,-138.1908569,0.108997539
55,0.831549406,0.546384335,0.099948511,0.548255205,-0.778510034,-0.305513382,-0.089116819,0.308846772,-0.946927547,-3.977533102,6.140369892,58.97836685,0.343974054,-0.701146126,0.711583972,-0.045192707,0.710488796,0.702588022,0.039696183,0.059999023,-0.004276087,-0.99818927,141.969101,-242.5098419,-1590.673828,0.143167526,-0.031604592,0.998603404,0.042336836,-0.990023017,-0.037096139,0.135934979,0.137315661,-0.037618272,0.989812732,-125.1338806,285.8755188,-138.30159,0.108821332
56,0.83107239,0.547125518,0.099861421,0.548965216,-0.778187037,-0.305060804,-0.089195698,0.30834806,-0.947082639,-3.965680599,6.122093201,59.01694107,0.34529683,-0.701187432,0.711571753,-0.04474207,0.710467994,0.702602744,0.039807048,0.059761472,-0.00387561,-0.998205185,141.9673767,-242.5105286,-1590.674072,0.144336522,-0.031541612,0.998593628,0.042612422,-0.990093112,-0.037052475,0.135435522,0.136823952,-0.037918411,0.989869416,-125.179306,285.9237976,-138.1554871,0.108739063
57,0.830646157,0.547639072,0.100590028,0.549616516,-0.777511001,-0.305611253,-0.08915481,0.309140772,-0.946828067,-3.944181442,6.101127148,58.99951172,0.344443917,-0.701128304,0.711652994,-0.044374943,0.710545599,0.70252198,0.039847497,0.059531964,-0.003592212,-0.998219907,141.9672546,-242.5114136,-1590.675415,0.14471975,-0.031630524,0.998581111,0.0428412,-0.990076661,-0.03717532,0.135522097,0.136922434,-0.038129434,0.98984766,-125.1838226,285.9767456,-138.0416565,0.108475015
58,0.830165803,0.548142552,0.101806343,0.550321519,-0.776431143,-0.307084531,-0.089280479,0.310957283,-0.946221232,-3.970723867,6.138556957,59.01459503,0.345481992,-0.701058686,0.711676776,-0.045087669,0.710582197,0.702494442,0.039681111,0.059913959,-0.004219705,-0.998194575,141.9693298,-242.5114441,-1590.668945,0.143224001,-0.031682581,0.998593032,0.042523175,-0.990030885,-0.037195861,0.135850504,0.137241051,-0.037795164,0.989816427,-125.1108246,285.9003601,-138.2635803,0.108681366
59,0.829570293,0.548673868,0.103779256,0.551312685,-0.775247335,-0.30829531,-0.088698983,0.31296742,-0.945612967,-3.973077059,6.133921146,58.98445892,0.342956573,-0.701124251,0.71160388,-0.045217305,0.710501552,0.702568233,0.039816216,0.060101617,-0.004210852,-0.99818337,141.9737701,-242.511673,-1590.669556,0.142676592,-0.031539246,0.998605907,0.042327102,-0.990059674,-0.037020635,0.135688141,0.137065947,-0.037626855,0.989847004,-125.1145172,285.887207,-138.2874298,0.108963929
60,0.828941584,0.549311459,0.105416894,0.552421987,-0.774484515,-0.308226585,-0.087668657,0.313736439,-0.94545418,-3.944141388,6.117249966,58.99992371,0.343098074,-0.701135397,0.711623549,-0.044734363,0.710519612,0.702550352,0.039810911,0.059758518,-0.003871803,-0.998205364,141.9780426,-242.5094757,-1590.672363,0.143758208,-0.031619649,0.998598337,0.04244487,-0.990046799,-0.037119076,0.135755301,0.137140527,-0.037729871,0.989832759,-125.1598663,285.9324951,-138.1517792,0.109580778
61,0.828435063,0.549664497,0.107537165,0.553432524,-0.773860037,-0.307982028,-0.086068071,0.314657688,-0.945295095,-3.947915316,6.109834671,59.01777268,0.342541933,-0.701179743,0.711583912,-0.044668514,0.710458517,0.702592075,0.0401638,0.059963655,-0.00357308,-0.998194158,141.9803925,-242.5085144,-1590.672485,0.144341871,-0.031559337,0.998604298,0.042350408,-0.990111768,-0.037029188,0.135305256,0.136684597,-0.037661493,0.989898443,-125.1521072,285.9629822,-138.0940094,0.109501377
62,0.828345954,0.549533129,0.108886942,0.553664386,-0.773404062,-0.308710098,-0.085432813,0.316005558,-0.944903016,-3.940377951,6.145791531,59.0269165,0.343587875,-0.701072931,0.711662948,-0.045083851,0.710549831,0.702509642,0.039988771,0.060130369,-0.003999276,-0.998182476,141.9789734,-242.5070496,-1590.670166,0.143521592,-0.031763054,0.998593211,0.042458624,-0.990020394,-0.037268918,0.13590683,0.137298018,-0.037718084,0.989811361,-125.0911713,285.9224854,-138.2303467,0.108918153
63,0.828204811,0.549413979,0.110549048,0.554054379,-0.773041546,-0.308918357,-0.084265061,0.317097843,-0.944641948,-3.909739494,6.151250839,59.0015831,0.341373652,-0.701084018,0.711659193,-0.044972278,0.710556686,0.702513278,0.039804142,0.059920602,-0.004049304,-0.998194933,141.9770203,-242.5051575,-1590.670288,0.142556563,-0.031633668,0.998592317,0.042575035,-0.990019619,-0.037158024,0.135942727,0.137333378,-0.037849754,0.989801466,-125.1212692,285.9157715,-138.2176056,0.108772226
64,0.827974439,0.549288929,0.112871677,0.554738939,-0.772881031,-0.308090329,-0.081994236,0.317705244,-0.944637656,-3.910415888,6.161818027,59.02339172,0.340824157,-0.701147377,0.711592615,-0.045037355,0.710485697,0.70258075,0.039880298,0.060020901,-0.004036429,-0.998188972,141.9727631,-242.5048065,-1590.670654,0.143280044,-0.031464998,0.998592019,0.042706825,-0.99004674,-0.037002962,0.135787323,0.137176424,-0.038009208,0.989817142,-125.1355438,285.9059143,-138.2280579,0.109486051
65,0.828034818,0.548986077,0.113897093,0.554750741,-0.772743881,-0.30841288,-0.081301093,0.318561107,-0.944409251,-3.912000418,6.15256834,59.00412369,0.339934558,-0.701090574,0.711650729,-0.04500214,0.710540593,0.702522159,0.039932504,0.060032997,-0.003979547,-0.998188436,141.969696,-242.5049896,-1590.667969,0.14403668,-0.031596601,0.998590231,0.042653438,-0.990057707,-0.037121817,0.13567543,0.137067527,-0.03794248,0.989834785,-125.1102753,285.9246521,-138.2095642,0.109417081
66,0.828297734,0.548315167,0.115209788,0.554517865,-0.772814333,-0.308654964,-0.080204435,0.319544107,-0.944171011,-3.902668715,6.156998158,58.98848724,0.340479732,-0.701082051,0.711659491,-0.044997074,0.710559011,0.702512622,0.039772164,0.059915252,-0.004089526,-0.998195052,141.9700928,-242.5045776,-1590.668701,0.143492207,-0.031603292,0.998586833,0.042726293,-0.99004519,-0.037141733,0.135760933,0.13715601,-0.038010471,0.989819884,-125.1196976,285.9104614,-138.227417,0.108506292
67,0.82881403,0.547610343,0.114848636,0.55370599,-0.773207486,-0.309127659,-0.080479667,0.319801718,-0.944060326,-3.900242805,6.145278454,59.0104866,0.340889513,-0.701144516,0.711608648,-0.044826206,0.710488915,0.702566028,0.040079445,0.060014252,-0.003747038,-0.998190463,141.9708405,-242.5050354,-1590.668213,0.144431144,-0.031535994,0.998602211,0.042416275,-0.990068913,-0.03702702,0.135619074,0.137000054,-0.037718151,0.989852667,-125.1331177,285.9447632,-138.1436615,0.10949108
68,0.829565525,0.546602011,0.11422462,0.552454174,-0.773570657,-0.310455889,-0.081334993,0.320647359,-0.943700075,-3.900588751,6.159102917,59.02603149,0.340819925,-0.701095521,0.711649239,-0.044948794,0.710533798,0.702524245,0.040017918,0.06005634,-0.003881253,-0.998187423,141.9727783,-242.5055084,-1590.665527,0.143462554,-0.031525623,0.998616695,0.042079806,-0.990077019,-0.036968924,0.135575488,0.136943609,-0.03738815,0.989872992,-125.1089249,285.9364319,-138.1835938,0.108842142
69,0.830349267,0.545681,0.112926312,0.551056802,-0.773979962,-0.311915636,-0.082803734,0.321227729,-0.943374932,-3.902680874,6.165947437,59.04671097,0.343402922,-0.701092303,0.711654127,-0.044923548,0.71054709,0.70251888,0.039876219,0.059937712,-0.003963387,-0.998194277,141.9755707,-242.5065308,-1590.66687,0.14377813,-0.031629242,0.998606205,0.042253196,-0.99005121,-0.037101224,0.135728031,0.137106493,-0.037539851,0.989844739,-125.1206512,285.9255066,-138.1953583,0.108952045
70,0.831065655,0.544754148,0.11212831,0.549880922,-0.774547517,-0.312581331,-0.083431259,0.321432829,-0.943249762,-3.894571543,6.149826527,59.06844711,0.343247771,-0.70107919,0.711689711,-0.044561483,0.710576177,0.702484488,0.03996294,0.059744962,-0.003647143,-0.998206973,141.9757233,-242.5080872,-1590.668823,0.144754663,-0.031772465,0.998586833,0.042601485,-0.990066946,-0.037284743,0.135563076,0.136959881,-0.037871148,0.989852428,-125.1376038,285.9737854,-138.0825653,0.109188966
71,0.832015634,0.543557584,0.110883407,0.548162878,-0.774826944,-0.314897835,-0.08524967,0.322782099,-0.942626238,-3.895450354,6.162149429,59.02650833,0.342710316,-0.701123953,0.711624801,-0.044892639,0.710509717,0.70254916,0.04000739,0.060009539,-0.003846518,-0.998190343,141.9733276,-242.5083008,-1590.670654,0.14327763,-0.031772517,0.998588026,0.04257204,-0.990057468,-0.037283394,0.135632053,0.137027785,-0.037839398,0.989844263,-125.1243439,285.9365234,-138.1768951,0.108840771
72,0.832891345,0.542702138,0.108473048,0.54646343,-0.775430679,-0.316362053,-0.08757703,0.322771758,-0.94241643,-3.888148785,6.17682457,59.06588745,0.344001412,-0.701089025,0.711664557,-0.044808194,0.710565209,0.702508211,0.039741579,0.059760798,-0.003976757,-0.998204827,141.9716187,-242.5081177,-1590.667603,0.144388124,-0.031693205,0.998576343,0.042903721,-0.990037918,-0.037256084,0.13578248,0.1371876,-0.03817293,0.989809275,-125.1404572,285.9264832,-138.1801605,0.108796112
73,0.833635747,0.541965425,0.106418699,0.545002997,-0.775938272,-0.317634225,-0.089572445,0.322789758,-0.942222655,-3.913128614,6.168673992,59.09164047,0.345121562,-0.701084912,0.711665213,-0.044862818,0.710548401,0.702508509,0.040034488,0.060007658,-0.00380963,-0.998190641,141.9708252,-242.5095215,-1590.670532,0.143515378,-0.031676218,0.99859333,0.042520061,-0.990038753,-0.037187006,0.135795027,0.137185201,-0.037795037,0.989824116,-125.1085892,285.9497986,-138.1632538,0.10870377
74,0.834347606,0.541232765,0.104552485,0.543560743,-0.776246548,-0.319347829,-0.091682993,0.323277712,-0.941852272,-3.907418013,6.171051979,59.08197403,0.345904827,-0.701166809,0.711584628,-0.044860732,0.710470438,0.702589929,0.039989095,0.059974328,-0.003833199,-0.998192549,141.9703522,-242.5098877,-1590.669434,0.143275335,-0.0315728,0.998606861,0.042278897,-0.990059733,-0.037046999,0.135680676,0.13705796,-0.037574813,0.989850104,-125.1454697,285.9319763,-138.1659393,0.108249731
75,0.834983349,0.540690839,0.102255493,0.54226625,-0.776910365,-0.319933712,-0.093541883,0.32258904,-0.941905618,-3.898403168,6.17369318,59.13491821,0.348300427,-0.70113945,0.711630642,-0.044557504,0.710523725,0.702544034,0.039849941,0.05966204,-0.003718796,-0.998211741,141.9701691,-242.5087738,-1590.666992,0.144137621,-0.031498376,0.998596191,0.042585891,-0.99007839,-0.037010524,0.135554478,0.1369403,-0.037893623,0.989854276,-125.1748886,285.9558716,-138.0894012,0.108363308
76,0.835540235,0.540032029,0.101182342,0.541178882,-0.777123094,-0.321255445,-0.094857104,0.323179603,-0.941571593,-3.892504454,6.186739922,59.10868835,0.346647114,-0.701183736,0.711575687,-0.044737358,0.710484564,0.702597976,0.039595421,0.059607513,-0.004021535,-0.998213768,141.9730377,-242.5084381,-1590.668335,0.143014565,-0.031487383,0.998587489,0.042797219,-0.990011394,-0.037047025,0.136032745,0.137426108,-0.038086418,0.989779532,-125.1976929,285.9051819,-138.1724091,0.108689532
77,0.836123228,0.53925544,0.100506,0.540206969,-0.777660966,-0.321589351,-0.095259219,0.323182404,-0.941530049,-3.916284084,6.173725128,59.11861038,0.34634465,-0.701149285,0.711609364,-0.044741552,0.710497439,0.702565193,0.039943993,0.059858374,-0.003782058,-0.998199701,141.9745178,-242.5070953,-1590.670654,0.143104866,-0.031598389,0.998591363,0.042623535,-0.990076661,-0.037114233,0.135538355,0.136929378,-0.037917774,0.989854813,-125.1530838,285.9421692,-138.1377106,0.108694792
78,0.836861491,0.538380265,0.099043153,0.53881675,-0.778181791,-0.322660267,-0.096640341,0.32338807,-0.941318691,-3.906437635,6.169275761,59.11120606,0.347320825,-0.70114547,0.711622715,-0.044588499,0.710514545,0.702551901,0.039873309,0.059700489,-0.003723786,-0.998209357,141.9743347,-242.5073547,-1590.669312,0.143763795,-0.031632774,0.998579502,0.042876899,-0.990084231,-0.037180275,0.135465726,0.136867464,-0.038166583,0.989853859,-125.1712875,285.9540405,-138.0968323,0.108566545
79,0.837643266,0.537420154,0.097639151,0.537321568,-0.778598726,-0.324144453,-0.098180041,0.323981047,-0.9409554,-3.941197395,6.198533535,59.12378693,0.348742336,-0.701145411,0.711575866,-0.045330118,0.710465431,0.702596724,0.039957609,0.060281668,-0.004189388,-0.998172581,141.9745636,-242.5076752,-1590.667358,0.14364396,-0.031624619,0.998611212,0.042136841,-0.990017533,-0.037090063,0.135976627,0.137350649,-0.037416,0.989815533,-125.1004944,285.8854065,-138.3021088,0.108949527
80,0.838214338,0.536759555,0.096363477,0.536257744,-0.7791664,-0.324541718,-0.099117674,0.323711187,-0.940949917,-3.912695885,6.187779903,59.1342926,0.347538918,-0.701101542,0.711648405,-0.044867657,0.710550368,0.702524185,0.039722465,0.059789047,-0.004031249,-0.99820286,141.9732513,-242.5078278,-1590.668213,0.143983364,-0.031651843,0.998600543,0.04236846,-0.990026534,-0.037145834,0.135895595,0.137279227,-0.037644554,0.989816844,-125.1424103,285.9186096,-138.1952057,0.109404385
