Number of frames: 5451
Frequency: 100
Units: mm

Frame,Digitizing Probe R00,Digitizing Probe R01,Digitizing Probe R02,Digitizing Probe R10,Digitizing Probe R11,Digitizing Probe R12,Digitizing Probe R20,Digitizing Probe R21,Digitizing Probe R22,Digitizing Probe x,Digitizing Probe y,Digitizing Probe z,Digitizing Probe Error,HumMarker R00,HumMarker R01,HumMarker R02,HumMarker R10,HumMarker R11,HumMarker R12,HumMarker R20,HumMarker R21,HumMarker R22,HumMarker x,HumMarker y,HumMarker z,HumMarker Error,StemMarker R00,StemMarker R01,StemMarker R02,StemMarker R10,StemMarker R11,StemMarker R12,StemMarker R20,StemMarker R21,StemMarker R22,StemMarker x,StemMarker y,StemMarker z,StemMarker Error
1, 0.671768308, 0.688839495, 0.272447228, 0.725226104,-0.686510503,-0.052444518, 0.150912032, 0.232816413,-0.960740387,-6.955727100, 6.482472897,66.821197510, 0.310941011,-0.729011357, 0.676774681, 0.102559544, 0.684324980, 0.723999262, 0.086743236,-0.015547410, 0.133420870,-0.990937471,361.755645752,-146.412109375,-1527.896118164, 0.143487841,,,,,,,,,,,,,,
2, 0.671980858, 0.689631701, 0.269906998, 0.725380063,-0.686362147,-0.052256644, 0.149216115, 0.230900615,-0.961467326,-6.942587376, 6.477467060,66.819610596, 0.311125338,-0.728983045, 0.676772296, 0.102776371, 0.684351265, 0.723977268, 0.086719058,-0.015718699, 0.133551851,-0.990917146,361.757720947,-146.412033081,-1527.893066406, 0.143400848,,,,,,,,,,,,,,
3, 0.671811163, 0.690221786, 0.268819153, 0.725658715,-0.686095893,-0.051883437, 0.148624629, 0.229926825,-0.961792290,-6.964804649, 6.470546722,66.811569214, 0.310568511,-0.729061425, 0.676711202, 0.102622315, 0.684274793, 0.724012613, 0.087026715,-0.015407898, 0.133669689,-0.990906119,361.759155273,-146.410995483,-1527.895507813, 0.144414887,,,,,,,,,,,,,,
4, 0.671427131, 0.690752745, 0.268414319, 0.726014197,-0.685762525,-0.051313680, 0.148623407, 0.229326010,-0.961935878,-6.981174946, 6.468841553,66.812606812, 0.312058419,-0.729097009, 0.676697373, 0.102460794, 0.684241474, 0.724028349, 0.087158248,-0.015204760, 0.133654743,-0.990911305,361.760559082,-146.409820557,-1527.899047852, 0.143134981,,,,,,,,,,,,,,
5, 0.671039641, 0.691163242, 0.268326640, 0.726328552,-0.685469866,-0.050772991, 0.148837388, 0.228963986,-0.961989045,-6.981645107, 6.483349800,66.832740784, 0.312845767,-0.728986442, 0.676832080, 0.102357596, 0.684359133, 0.723934948, 0.087010033,-0.015209062, 0.133478492,-0.990934968,361.755798340,-146.409652710,-1527.895385742, 0.142979145,,,,,,,,,,,,,,
6, 0.670322955, 0.691768467, 0.268558294, 0.726967692,-0.684808910,-0.050543748, 0.148946539, 0.229113832,-0.961936474,-6.971194744, 6.474587440,66.803916931, 0.309821159,-0.728971541, 0.676824093, 0.102516793, 0.684372902, 0.723918915, 0.087035500,-0.015306124, 0.133606121,-0.990916371,361.753540039,-146.411727905,-1527.896606445, 0.144099846,,,,,,,,,,,,,,
7, 0.669785559, 0.692599893, 0.267754853, 0.727620423,-0.684116066,-0.050534822, 0.148174971, 0.228671372,-0.962160885,-6.965280533, 6.479674816,66.797119141, 0.310467362,-0.728961408, 0.676831663, 0.102538742, 0.684379101, 0.723945856, 0.086762168,-0.015509115, 0.133421645,-0.990938008,361.754425049,-146.411727905,-1527.899414063, 0.143796042,,,,,,,,,,,,,,
8, 0.669816732, 0.693278253, 0.265915185, 0.727945805,-0.683731854,-0.051045839, 0.146425709, 0.227763191,-0.962643981,-6.963028908, 6.499364376,66.800178528, 0.311410457,-0.728923798, 0.676897228, 0.102372974, 0.684420288, 0.723920763, 0.086646646,-0.015459046, 0.133224934,-0.990965247,361.753814697,-146.411529541,-1527.897949219, 0.143445984,,,,,,,,,,,,,,
9, 0.669711769, 0.694013000, 0.264257759, 0.728378713,-0.683229685,-0.051591747, 0.144743398, 0.227031320,-0.963071227,-6.977608681, 6.466372013,66.777046204, 0.310223818,-0.728959560, 0.676836312, 0.102521434, 0.684386790, 0.723896801, 0.087110169,-0.015255612, 0.133664101,-0.990909338,361.754821777,-146.413238525,-1527.897705078, 0.143759668,,,,,,,,,,,,,,
10, 0.669494927, 0.694700599, 0.262997329, 0.728815734,-0.682744086,-0.051847108, 0.143541664, 0.226387963,-0.963402450,-7.005283356, 6.461438656,66.810310364, 0.310753435,-0.729006052, 0.676817060, 0.102317572, 0.684344411, 0.723904967, 0.087374784,-0.014931450, 0.133717209,-0.990907073,361.754882813,-146.414367676,-1527.894653320, 0.143898591,,,,,,,,,,,,,,
11, 0.669270813, 0.695518434, 0.261401385, 0.729490161,-0.681906939,-0.053357106, 0.141140580, 0.226400092,-0.963754296,-6.973766804, 6.452975750,66.806144714, 0.310286194,-0.729015648, 0.676744103, 0.102730602, 0.684322417, 0.723964095, 0.087056227,-0.015458480, 0.133766204,-0.990892351,361.754333496,-146.412307739,-1527.894409180, 0.144359365,,,,,,,,,,,,,,
12, 0.668906689, 0.695844054, 0.261466771, 0.729998291,-0.681275845,-0.054457944, 0.140236765, 0.227297589,-0.963675022,-6.942234039, 6.475024223,66.829391479, 0.310756713,-0.728922486, 0.676829875, 0.102827102, 0.684413135, 0.723934293, 0.086589858,-0.015833465, 0.133493513,-0.990923226,361.754150391,-146.410873413,-1527.896606445, 0.145049542,,,,,,,,,,,,,,
13, 0.668431342, 0.695647240, 0.263200313, 0.730312288,-0.680886149,-0.055117968, 0.140866786, 0.229061022,-0.963165402,-6.939047813, 6.481830120,66.836944580, 0.311366469,-0.728958189, 0.676801145, 0.102762610, 0.684377968, 0.723952770, 0.086713366,-0.015707567, 0.133538887,-0.990919113,361.753204346,-146.411376953,-1527.899780273, 0.143983424,,,,,,,,,,,,,,
14, 0.668269992, 0.694622338, 0.266298741, 0.729975939,-0.681272030,-0.054804146, 0.143353701, 0.231015667,-0.962331295,-6.943361282, 6.495218754,66.868354797, 0.311174750,-0.729125142, 0.676647604, 0.102589421, 0.684215605, 0.724002600, 0.087574594,-0.015017864, 0.134046108,-0.990861297,361.753356934,-146.411468506,-1527.899047852, 0.143446684,,,,,,,,,,,,,,
15, 0.668094754, 0.694076538, 0.268155247, 0.730050743,-0.681096792,-0.055974349, 0.143789172, 0.233163089,-0.961748242,-6.892052650, 6.520902157,66.885910034, 0.312423706,-0.729037404, 0.676708937, 0.102807634, 0.684299350, 0.723974586, 0.087150186,-0.015454804, 0.133886948,-0.990876079,361.752563477,-146.410263062,-1527.903930664, 0.144888952,,,,,,,,,,,,,,
16, 0.667947412, 0.693537474, 0.269911289, 0.730110526,-0.680936575,-0.057131514, 0.144169614, 0.235225916,-0.961188793,-6.877974033, 6.526630402,66.891647339, 0.311682552,-0.728992462, 0.676747084, 0.102875158, 0.684342563, 0.723961890, 0.086916000,-0.015657544, 0.133762956,-0.990889609,361.753540039,-146.410858154,-1527.901245117, 0.144882113,,,,,,,,,,,,,,
17, 0.668293536, 0.693115652, 0.270137995, 0.729937911,-0.681007802,-0.058472335, 0.143437997, 0.236260638,-0.961044431,-6.885107994, 6.505867004,66.910507202, 0.310151070,-0.729030848, 0.676684499, 0.103015341, 0.684302986, 0.723970532, 0.087155648,-0.015603195, 0.134032860,-0.990854025,361.755187988,-146.412521362,-1527.899047852, 0.144492745,,,,,,,,,,,,,,
18, 0.669040203, 0.692505777, 0.269853592, 0.729495704,-0.681334734,-0.060157459, 0.142201245, 0.237104803,-0.961020350,-6.875410557, 6.525998592,66.917953491, 0.312020957,-0.729032934, 0.676701784, 0.102886535, 0.684302092, 0.723977327, 0.087106146,-0.015542635, 0.133908719,-0.990871727,361.755828857,-146.412811279,-1527.900268555, 0.143595621,,,,,,,,,,,,,,
19, 0.669673145, 0.692172885, 0.269136727, 0.729199767,-0.681516051,-0.061673369, 0.140732363, 0.237555444,-0.961125314,-6.904089451, 6.532174110,66.925071716, 0.312379628,-0.729034305, 0.676749587, 0.102561802, 0.684309244, 0.723945260, 0.087315932,-0.015158118, 0.133840308,-0.990886927,361.756347656,-146.411941528,-1527.899414063, 0.142963991,,,,,,,,,,,,,,
20, 0.670194626, 0.692269266, 0.267586440, 0.728966475,-0.681729674,-0.062069550, 0.139452770, 0.236660212,-0.961532593,-6.888709068, 6.514208317,66.940612793, 0.311998844,-0.728962243, 0.676769793, 0.102940410, 0.684378207, 0.723894954, 0.087192722,-0.015508645, 0.134010375,-0.990858555,361.757965088,-146.412139893,-1527.900512695, 0.143664286,,,,,,,,,,,,,,
21, 0.670725226, 0.692596316, 0.265401542, 0.728886068,-0.681731105,-0.062990613, 0.137305424, 0.235696882,-0.962078035,-6.860537529, 6.496841431,66.923599243, 0.311086804,-0.728972971, 0.676685870, 0.103414617, 0.684356272, 0.723933339, 0.087045841,-0.015962603, 0.134226516,-0.990822077,361.756927490,-146.411529541,-1527.899658203, 0.144558504,,,,,,,,,,,,,,
22, 0.670823932, 0.692780912, 0.264669210, 0.729010582,-0.681519806,-0.063829973, 0.136157125, 0.235765338,-0.962224483,-6.875090599, 6.530636787,66.908096313, 0.312207580,-0.729021490, 0.676709592, 0.102916695, 0.684310555, 0.723994792, 0.086894140,-0.015709056, 0.133774668,-0.990887284,361.755371094,-146.412750244,-1527.900146484, 0.143554106,,,,,,,,,,,,,,
23, 0.670756102, 0.693388045, 0.263247490, 0.729276061,-0.681234539,-0.063842922, 0.135065377, 0.234803140,-0.962613523,-6.904623985, 6.531652451,66.959907532, 0.312144697,-0.729003191, 0.676765442, 0.102678522, 0.684335947, 0.723956823, 0.087010756,-0.015448946, 0.133697718,-0.990901768,361.752319336,-146.412353516,-1527.899291992, 0.143401965,,,,,,,,,,,,,,
24, 0.670500875, 0.693794727, 0.262825906, 0.729621708,-0.680839419,-0.064107567, 0.134464771, 0.234747678,-0.962711155,-6.936264038, 6.514729500,66.959960938, 0.311680138,-0.729087472, 0.676698864, 0.102518573, 0.684255838, 0.723974049, 0.087495752,-0.015012511, 0.133940995,-0.990875542,361.752441406,-146.411575317,-1527.898803711, 0.142180994,,,,,,,,,,,,,,
25, 0.670148969, 0.694116592, 0.262873530, 0.730017185,-0.680376828,-0.064515471, 0.134071797, 0.235137165,-0.962670922,-6.917732716, 6.527013302,66.951110840, 0.311401427,-0.729051292, 0.676734984, 0.102537766, 0.684289455, 0.723980784, 0.087176681,-0.015239863, 0.133721784,-0.990901709,361.753448486,-146.412704468,-1527.901855469, 0.143019453,,,,,,,,,,,,,,
26, 0.669950664, 0.694110572, 0.263394386, 0.730135322,-0.680253386,-0.064479731, 0.134418875, 0.235511795,-0.962530911,-6.911070824, 6.512625694,66.950309753, 0.312223434,-0.729022503, 0.676734090, 0.102748327, 0.684320390, 0.723922849, 0.087414667,-0.015225379, 0.134040028,-0.990858972,361.754364014,-146.411346436,-1527.901000977, 0.143075883,,,,,,,,,,,,,,
27, 0.670136869, 0.693859816, 0.263581455, 0.729893625,-0.680535495,-0.064239740, 0.134803146, 0.235435829,-0.962495744,-6.890357018, 6.545659542,66.988677979, 0.312029213,-0.729003310, 0.676770747, 0.102642506, 0.684343219, 0.723896682, 0.087452784,-0.015117083, 0.133996069,-0.990866542,361.758026123,-146.411682129,-1527.899414063, 0.143245250,,,,,,,,,,,,,,
28, 0.670458436, 0.693817735, 0.262873560, 0.729648829,-0.680815816,-0.064050168, 0.134529337, 0.234748349,-0.962701976,-6.868436337, 6.591500282,67.037925720, 0.311055928,-0.729022145, 0.676769137, 0.102519564, 0.684324265, 0.723921061, 0.087398916,-0.015067183, 0.133872375,-0.990884066,361.759277344,-146.412139893,-1527.901123047, 0.143122971,,,,,,,,,,,,,,
29, 0.670366347, 0.693923116, 0.262830108, 0.729539454,-0.681069314,-0.062583931, 0.135577098, 0.233699113,-0.962810278,-6.848192215, 6.632089615,67.129196167, 0.314417630,-0.729132235, 0.676662803, 0.102438636, 0.684209168, 0.724019110, 0.087487854,-0.014967754, 0.133879676,-0.990884602,361.758972168,-146.411407471,-1527.901489258, 0.142501488,,,,,,,,,,,,,,
30, 0.670133173, 0.694354713, 0.262284249, 0.729751170,-0.680902481,-0.061927397, 0.135590419, 0.232901827,-0.963001549,-6.850346565, 6.678561687,67.192268372, 0.313546121,-0.729133785, 0.676708937, 0.102122180, 0.684209347, 0.724044681, 0.087274820,-0.014881372, 0.133507982,-0.990936041,361.755737305,-146.411346436,-1527.900756836, 0.141790345,,,,,,,,,,,,,,
31, 0.670128703, 0.694574535, 0.261713088, 0.729690909,-0.681058884,-0.060908895, 0.135936260, 0.231786460,-0.963221848,-6.820174217, 6.674229622,67.230834961, 0.313484371,-0.729115188, 0.676671088, 0.102505058, 0.684225917, 0.724005997, 0.087465540,-0.015028872, 0.133909076,-0.990879655,361.753723145,-146.411071777,-1527.902587891, 0.141665936,,,,,,,,,,,,,,
32, 0.669973254, 0.694487870, 0.262340277, 0.729706883,-0.681072950,-0.060559556, 0.136614993, 0.232004791,-0.963073254,-6.825449467, 6.692575455,67.239616394, 0.312752217,-0.729049325, 0.676777482, 0.102270596, 0.684299409, 0.723942816, 0.087413333,-0.014878686, 0.133712351,-0.990908504,361.751281738,-146.410263062,-1527.899658203, 0.141299054,,,,,,,,,,,,,,
33, 0.670093954, 0.694392562, 0.262284368, 0.729607999,-0.681171656,-0.060641740, 0.136551484, 0.232000411,-0.963083267,-6.846527576, 6.710807323,67.233306885, 0.312469691,-0.729014516, 0.676869035, 0.101912230, 0.684342980, 0.723896623, 0.087455004,-0.014578332, 0.133498892,-0.990941703,361.749664307,-146.411407471,-1527.900268555, 0.140938133,,,,,,,,,,,,,,
34, 0.670299709, 0.694402397, 0.261731893, 0.729415059,-0.681420624,-0.060162760, 0.136572361, 0.231238261,-0.963263631,-6.846674442, 6.682825565,67.226684570, 0.311906427,-0.729033828, 0.676808298, 0.102177218, 0.684321165, 0.723891973, 0.087663442,-0.014633921, 0.133831650,-0.990895987,361.753234863,-146.412399292,-1527.900634766, 0.140843987,,,,,,,,,,,,,,
35, 0.670472980, 0.694202721, 0.261817753, 0.729253173,-0.681581318,-0.060305092, 0.136586130, 0.231364354,-0.963231385,-6.846292973, 6.681156158,67.202674866, 0.311379999,-0.729088426, 0.676747680, 0.102188952, 0.684261262, 0.723959506, 0.087573364,-0.014715596, 0.133772671,-0.990902722,361.755920410,-146.412185669,-1527.902587891, 0.141669586,,,,,,,,,,,,,,
36, 0.670639873, 0.693688452, 0.262751997, 0.728890181,-0.682011783,-0.059824891, 0.137700126, 0.231638312,-0.963006973,-6.858293056, 6.682363033,67.220680237, 0.312750012,-0.729153275, 0.676696897, 0.102062754, 0.684196174, 0.724002361, 0.087727644,-0.014528650, 0.133797839,-0.990902126,361.758880615,-146.412353516,-1527.901977539, 0.140462786,,,,,,,,,,,,,,
37, 0.671119094, 0.693590522, 0.261784673, 0.728635311,-0.682233930,-0.060393449, 0.136710078, 0.231276765,-0.963234842,-6.833574295, 6.661574364,67.234794617, 0.312264681,-0.729087532, 0.676690221, 0.102575354, 0.684255540, 0.723968983, 0.087540343,-0.015023676, 0.134012327,-0.990865767,361.758422852,-146.412002563,-1527.897338867, 0.141276643,,,,,,,,,,,,,,
38, 0.671563506, 0.693083465, 0.261987925, 0.728254557,-0.682587028,-0.060992960, 0.136556357, 0.231754556,-0.963141799,-6.842565536, 6.653824806,67.233184814, 0.312634617,-0.729019701, 0.676763654, 0.102572493, 0.684330165, 0.723881602, 0.087678999,-0.014912382, 0.134113178,-0.990853786,361.755950928,-146.411621094,-1527.898437500, 0.142197132,,,,,,,,,,,,,,
39, 0.671770334, 0.692539752, 0.262894273, 0.728023767,-0.682770252,-0.061694782, 0.136770293, 0.232837990,-0.962850153,-6.858915806, 6.665546894,67.232856750, 0.312566310,-0.729052186, 0.676784456, 0.102203891, 0.684303463, 0.723889649, 0.087821029,-0.014548427, 0.133964583,-0.990879297,361.755065918,-146.410995483,-1527.898681641, 0.140536919,,,,,,,,,,,,,,
40, 0.672020316, 0.692450702, 0.262489408, 0.727867246,-0.682915688,-0.061930668, 0.136374205, 0.232676119,-0.962945461,-6.841967583, 6.663613796,67.257324219, 0.313616872,-0.729131460, 0.676665664, 0.102424949, 0.684212089, 0.724001348, 0.087612092,-0.014871710, 0.133961126,-0.990875006,361.752349854,-146.410522461,-1527.895996094, 0.141969323,,,,,,,,,,,,,,
41, 0.672491670, 0.692460001, 0.261254877, 0.727613449,-0.683160782,-0.062209345, 0.135401592, 0.231927827,-0.963263154,-6.831204414, 6.651828289,67.255470276, 0.312015772,-0.729126751, 0.676628470, 0.102703668, 0.684211612, 0.724009514, 0.087548457,-0.015120653, 0.134104967,-0.990851760,361.752288818,-146.411453247,-1527.896118164, 0.143166468,,,,,,,,,,,,,,
42, 0.672727823, 0.692227721, 0.261262417, 0.727325797,-0.683501542,-0.061828867, 0.135773614, 0.231616899,-0.963285565,-6.832938194, 6.657378674,67.234939575, 0.312074065,-0.729077160, 0.676692545, 0.102633692, 0.684265792, 0.723958433, 0.087547503,-0.015059783, 0.134057596,-0.990859091,361.751129150,-146.412002563,-1527.896972656, 0.141740352,,,,,,,,,,,,,,
43, 0.672732174, 0.692124963, 0.261523336, 0.727190077,-0.683706343,-0.061156895, 0.136476964, 0.231319413,-0.963257730,-6.827923298, 6.649377346,67.242897034, 0.311579615,-0.729084432, 0.676660180, 0.102795184, 0.684257507, 0.723949611, 0.087684855,-0.015085685, 0.134268045,-0.990830183,361.750701904,-146.412658691,-1527.896118164, 0.142867699,,,,,,,,,,,,,,
44, 0.672197580, 0.691958904, 0.263331026, 0.727376163,-0.683562934,-0.060543869, 0.138109460, 0.232238159,-0.962803841,-6.835677624, 6.673688412,67.241859436, 0.310641944,-0.729075253, 0.676723242, 0.102444522, 0.684268832, 0.723972321, 0.087408394,-0.015015705, 0.133826897,-0.990890980,361.754058838,-146.413970947,-1527.898315430, 0.142526641,,,,,,,,,,,,,,
45, 0.671539605, 0.691664219, 0.265772700, 0.727341473,-0.683799982,-0.058240283, 0.141452655, 0.232418180,-0.962274849,-6.834441662, 6.665642262,67.287635803, 0.311405510,-0.729046166, 0.676734328, 0.102578238, 0.684299707, 0.723926842, 0.087542877,-0.015015872, 0.134017065,-0.990865231,361.754394531,-146.413375854,-1527.899658203, 0.141691893,,,,,,,,,,,,,,
46, 0.671119153, 0.691620231, 0.266946644, 0.727393329,-0.683854342,-0.056940503, 0.143171415, 0.232389063,-0.962027669,-6.835906506, 6.667201519,67.318290710, 0.311639309,-0.729170442, 0.676606894, 0.102535836, 0.684171200, 0.724019110, 0.087784909,-0.014842032, 0.134162217,-0.990848243,361.755249023,-146.413330078,-1527.898803711, 0.142052248,,,,,,,,,,,,,,
47, 0.670987368, 0.691884279, 0.266593248, 0.727357209,-0.684012949,-0.055476636, 0.143969834, 0.231132656,-0.962211132,-6.829537868, 6.692695141,67.396072388, 0.311027616,-0.729118049, 0.676689267, 0.102364533, 0.684229612, 0.723966360, 0.087764256,-0.014719347, 0.134031340,-0.990867734,361.755950928,-146.413558960,-1527.902221680, 0.142442763,,,,,,,,,,,,,,
48, 0.670972109, 0.692761242, 0.264345020, 0.727570355,-0.683858216,-0.054583948, 0.142960861, 0.228953913,-0.962882280,-6.797245979, 6.683622837,67.460563660, 0.310282648,-0.729054213, 0.676685870, 0.102840453, 0.684288979, 0.723920703, 0.087677769,-0.015118029, 0.134294435,-0.990826130,361.755981445,-146.413360596,-1527.902343750, 0.143105149,,,,,,,,,,,,,,
49, 0.670784295, 0.693424940, 0.263078481, 0.727759480,-0.683753490,-0.053360175, 0.142879546, 0.227251008,-0.963297665,-6.757780075, 6.678320408,67.518920898, 0.310979784,-0.729044795, 0.676620185, 0.103338219, 0.684290886, 0.723917902, 0.087686069,-0.015478222, 0.134640470,-0.990773618,361.754882813,-146.412948608,-1527.900268555, 0.142757028,,,,,,,,,,,,,,
50, 0.670497656, 0.694325209, 0.261429727, 0.728129268,-0.683439732,-0.052325897, 0.142340258, 0.225438997,-0.963803172,-6.814640045, 6.710614204,67.655075073, 0.311489880,-0.729155004, 0.676617861, 0.102573171, 0.684192598, 0.723954022, 0.088153675,-0.014611901, 0.134457499,-0.990811586,361.754302979,-146.412490845,-1527.903564453, 0.141636714,,,,,,,,,,,,,,
51, 0.669895351, 0.694756567, 0.261827320, 0.728667617,-0.682863712,-0.052351322, 0.142420948, 0.225854993,-0.963693857,-6.793690681, 6.760853291,67.699035645, 0.311973900,-0.729069829, 0.676746905, 0.102327630, 0.684278429, 0.723948061, 0.087534428,-0.014841236, 0.133839294,-0.990891933,361.752807617,-146.412902832,-1527.906250000, 0.142675653,,,,,,,,,,,,,,
52, 0.668887556, 0.694904745, 0.264001608, 0.729210079,-0.682350695,-0.051480044, 0.144367948, 0.226946995,-0.963147402,-6.784119606, 6.747034073,67.742317200, 0.313517064,-0.729144335, 0.676644385, 0.102473788, 0.684198976, 0.724001646, 0.087711811,-0.014841485, 0.134067029,-0.990861118,361.753051758,-146.413040161,-1527.904541016, 0.141612291,,,,,,,,,,,,,,
53, 0.668550730, 0.695365191, 0.263642281, 0.729647756,-0.681855142,-0.051843777, 0.143715471, 0.227026194,-0.963226378,-6.765181541, 6.727799416,67.775962830, 0.312479317,-0.729075491, 0.676671147, 0.102786772, 0.684267402, 0.723938406, 0.087699935,-0.015067278, 0.134273514,-0.990829706,361.753295898,-146.413238525,-1527.906616211, 0.142209977,,,,,,,,,,,,,,
54, 0.668138623, 0.695460081, 0.264435500, 0.730031967,-0.681394339,-0.052489232, 0.143680677, 0.228116438,-0.962973893,-6.759382725, 6.734226704,67.768630981, 0.312100559,-0.729056478, 0.676699042, 0.102737769, 0.684285879, 0.723942339, 0.087523423,-0.015149209, 0.134111524,-0.990850449,361.755432129,-146.413528442,-1527.905761719, 0.143138140,,,,,,,,,,,,,,
55, 0.667618573, 0.695525825, 0.265573621, 0.730469644,-0.680875957,-0.053123884, 0.143873632, 0.229459941,-0.962625861,-6.778952599, 6.753754139,67.771011353, 0.313885868,-0.729095578, 0.676730990, 0.102248579, 0.684253275, 0.723961830, 0.087616436,-0.014731317, 0.133844689,-0.990892768,361.758941650,-146.413558960,-1527.904663086, 0.141562790,,,,,,,,,,,,,,
56, 0.667192042, 0.695839822, 0.265822828, 0.731002867,-0.680222809,-0.054145552, 0.143142119, 0.230442733,-0.962500155,-6.784508705, 6.740264416,67.721557617, 0.312106490,-0.729142666, 0.676682174, 0.102235816, 0.684204936, 0.723992825, 0.087737992,-0.014647265, 0.133923769,-0.990883350,361.760406494,-146.412551880,-1527.903808594, 0.141375542,,,,,,,,,,,,,,
57, 0.666800380, 0.696477115, 0.265135705, 0.731554210,-0.679592371,-0.054613844, 0.142146900, 0.230377659,-0.962663174,-6.787862778, 6.720836639,67.724380493, 0.310782790,-0.729149163, 0.676652491, 0.102385774, 0.684197664, 0.723982692, 0.087878384,-0.014662405, 0.134128556,-0.990855396,361.761474609,-146.413436890,-1527.903808594, 0.142098784,,,,,,,,,,,,,,
58, 0.666249275, 0.697170794, 0.264697641, 0.732196331,-0.678877532,-0.054899089, 0.141423225, 0.230387092,-0.962767482,-6.765879631, 6.727575302,67.731513977, 0.312069923,-0.729120314, 0.676662862, 0.102522463, 0.684220910, 0.724004865, 0.087513819,-0.015009413, 0.133956119,-0.990873575,361.761627197,-146.413818359,-1527.910034180, 0.142293200,,,,,,,,,,,,,,
59, 0.665815115, 0.697602808, 0.264651775, 0.732621312,-0.678421140,-0.054871444, 0.141266868, 0.230423748,-0.962781727,-6.770084381, 6.722058296,67.736053467, 0.312195063,-0.729134798, 0.676644862, 0.102539144, 0.684206069, 0.724012554, 0.087567285,-0.014987671, 0.134006247,-0.990867198,361.757995605,-146.413406372,-1527.908935547, 0.141997695,,,,,,,,,,,,,,
60, 0.665767789, 0.697860777, 0.264090180, 0.732729316,-0.678314328,-0.054748658, 0.140929222, 0.229956508,-0.962942898,-6.752290249, 6.723303795,67.748443604, 0.312009990,-0.729140937, 0.676611364, 0.102715962, 0.684195161, 0.724033594, 0.087477431,-0.015181588, 0.134061143,-0.990856707,361.754608154,-146.413742065,-1527.906250000, 0.142198965,,,,,,,,,,,,,,
61, 0.665907562, 0.697985232, 0.263407946, 0.732652545,-0.678418100,-0.054489888, 0.140667573, 0.229271725,-0.963144422,-6.738996029, 6.728624344,67.768447876, 0.311864823,-0.729066670, 0.676669598, 0.102859057, 0.684267938, 0.723998249, 0.087200023,-0.015464176, 0.133957788,-0.990866363,361.753295898,-146.415039063,-1527.909545898, 0.142121494,,,,,,,,,,,,,,
62, 0.666233182, 0.697887540, 0.262842774, 0.732580721,-0.678403735,-0.055622716, 0.139495119, 0.229611218,-0.963234007,-6.752471924, 6.740767956,67.747642517, 0.311206996,-0.729069889, 0.676716447, 0.102527834, 0.684269071, 0.724004388, 0.087140881,-0.015260933, 0.133688420,-0.990905941,361.754058838,-146.414596558,-1527.910766602, 0.142505780,,,,,,,,,,,,,,
63, 0.666665912, 0.698263109, 0.260739714, 0.732518792,-0.678433537,-0.056072105, 0.137741491, 0.228378117,-0.963779390,-6.774789333, 6.730318546,67.817520142, 0.311356425,-0.729100704, 0.676713049, 0.102331154, 0.684240103, 0.724026322, 0.087186031,-0.015090523, 0.133586466,-0.990922272,361.754943848,-146.414688110,-1527.907104492, 0.141818181,,,,,,,,,,,,,,
64, 0.667623878, 0.699112356, 0.255969316, 0.732235253,-0.678743899,-0.056020297, 0.134573132, 0.224830255,-0.965060353,-6.773246288, 6.702000618,67.937515259, 0.311589420,-0.729101121, 0.676670074, 0.102612071, 0.684236228, 0.724020243, 0.087266892,-0.015242322, 0.133837283,-0.990886152,361.758666992,-146.414474487,-1527.906005859, 0.141816169,,,,,,,,,,,,,,
65, 0.668631613, 0.700255930, 0.250146896, 0.732108176,-0.678834796,-0.056577034, 0.130190000, 0.220963761,-0.966553450,-6.746041775, 6.724735737,68.038261414, 0.310627341,-0.729022145, 0.676712453, 0.102893211, 0.684306264, 0.724028409, 0.086647607,-0.015862092, 0.133578494,-0.990911305,361.760437012,-146.413360596,-1527.904174805, 0.142953947,,,,,,,,,,,,,,
66, 0.668672502, 0.700523436, 0.249287009, 0.732089162,-0.678911567,-0.055896971, 0.130086705, 0.219877094,-0.966815174,-6.774379253, 6.720545292,68.116386414, 0.311691105,-0.729050696, 0.676696241, 0.102797396, 0.684280753, 0.724027216, 0.086858913,-0.015651016, 0.133666828,-0.990902722,361.760742188,-146.413040161,-1527.904174805, 0.143068880,,,,,,,,,,,,,,
67, 0.668090165, 0.699883580, 0.252623349, 0.732066333,-0.679024220,-0.054818198, 0.133171022, 0.221560538,-0.966010571,-6.796090603, 6.703985691,68.121490479, 0.313001394,-0.729110479, 0.676648438, 0.102688119, 0.684225678, 0.724024653, 0.087312795,-0.015268660, 0.133922517,-0.990874171,361.759521484,-146.412292480,-1527.904541016, 0.143494010,,,,,,,,,,,,,,
68, 0.667683542, 0.699728489, 0.254123330, 0.732282519,-0.678777516,-0.054985143, 0.134018540, 0.222802758,-0.965607584,-6.802051544, 6.710062981,68.127639771, 0.311485618,-0.729109406, 0.676664293, 0.102591120, 0.684226334, 0.724040449, 0.087176330,-0.015291019, 0.133756638,-0.990896285,361.755828857,-146.413803101,-1527.906372070, 0.142838091,,,,,,,,,,,,,,
69, 0.667399168, 0.699649990, 0.255084813, 0.732228041,-0.678950846,-0.053552527, 0.135722011, 0.222521156,-0.965434551,-6.801229000, 6.686888695,68.178527832, 0.313719362,-0.729037285, 0.676697314, 0.102885522, 0.684300840, 0.723952770, 0.087319762,-0.015395212, 0.134064019,-0.990853131,361.755554199,-146.414138794,-1527.906616211, 0.143102527,,,,,,,,,,,,,,
70, 0.667225122, 0.700426519, 0.253403634, 0.732617319,-0.678535044,-0.053498600, 0.134471402, 0.221343502,-0.965880215,-6.795712471, 6.677941322,68.216423035, 0.314134508,-0.728957653, 0.676739693, 0.103169993, 0.684376836, 0.723914087, 0.087044217,-0.015779929, 0.134058714,-0.990847766,361.752166748,-146.414306641,-1527.901855469, 0.144315735,,,,,,,,,,,,,,
71, 0.666881740, 0.701290071, 0.251914501, 0.733062685,-0.678102970,-0.052872099, 0.133745283, 0.219928563,-0.966304123,-6.828572273, 6.677726269,68.254302979, 0.312945187,-0.729042649, 0.676668644, 0.103035472, 0.684288859, 0.723992467, 0.087084003,-0.015669886, 0.133993983,-0.990858257,361.752441406,-146.413940430,-1527.903564453, 0.144109398,,,,,,,,,,,,,,
72, 0.666794896, 0.701963246, 0.250264227, 0.733296514,-0.677889645,-0.052363604, 0.132894203, 0.218433663,-0.966760516,-6.853554726, 6.677281857,68.303848267, 0.313686669,-0.729041755, 0.676690519, 0.102898546, 0.684293985, 0.723973691, 0.087200128,-0.015488344, 0.133985400,-0.990862310,361.755371094,-146.413726807,-1527.905395508, 0.144069403,,,,,,,,,,,,,,
73, 0.666356802, 0.702268839, 0.250573516, 0.733523548,-0.677729607,-0.051242467, 0.133835107, 0.217947349,-0.966740429,-6.869550228, 6.655773163,68.324775696, 0.313130766,-0.729063869, 0.676651657, 0.102997117, 0.684273124, 0.723958969, 0.087485403,-0.015368543, 0.134260610,-0.990826905,361.757904053,-146.413131714,-1527.903076172, 0.144634068,,,,,,,,,,,,,,
74, 0.665823698, 0.702479422, 0.251399100, 0.733909130,-0.677321911,-0.051111501, 0.134373337, 0.218535349,-0.966533065,-6.888003349, 6.663632870,68.301765442, 0.313544691,-0.729151547, 0.676603675, 0.102690965, 0.684185207, 0.724035084, 0.087543309,-0.015119736, 0.134091973,-0.990853488,361.762268066,-146.413238525,-1527.901489258, 0.144562587,,,,,,,,,,,,,,
75, 0.665428877, 0.702543080, 0.252264977, 0.734128237,-0.677108765,-0.050788134, 0.135129973, 0.218990728,-0.966324449,-6.884417057, 6.678016186,68.295944214, 0.313343048,-0.729082465, 0.676692128, 0.102599189, 0.684257567, 0.723991752, 0.087336093,-0.015181319, 0.133879483,-0.990881324,361.762298584,-146.413635254,-1527.899414063, 0.143395841,,,,,,,,,,,,,,
76, 0.665072262, 0.702806592, 0.252471507, 0.734338045,-0.676937521,-0.050032325, 0.135744378, 0.218674526,-0.966309965,-6.863931656, 6.655602455,68.336441040, 0.312151134,-0.729002237, 0.676701248, 0.103107557, 0.684334040, 0.723925948, 0.087282069,-0.015578352, 0.134188831,-0.990833282,361.763305664,-146.413070679,-1527.902465820, 0.143264785,,,,,,,,,,,,,,
77, 0.664624333, 0.702808261, 0.253643602, 0.734544277,-0.676748157,-0.049564723, 0.136818349, 0.219254375,-0.966027081,-6.899988651, 6.649888039,68.352157593, 0.312193692,-0.729000390, 0.676736593, 0.102887928, 0.684343100, 0.723890424, 0.087505236,-0.015261590, 0.134202003,-0.990836501,361.760162354,-146.413131714,-1527.904296875, 0.141981691,,,,,,,,,,,,,,
78, 0.664562821, 0.702898324, 0.253555149, 0.734572709,-0.676739454,-0.049262065, 0.136964545, 0.218992427,-0.966065764,-6.935266495, 6.666326523,68.419174194, 0.313509077,-0.729030967, 0.676754713, 0.102551945, 0.684317172, 0.723904967, 0.087587819,-0.014962390, 0.134032294,-0.990864038,361.756042480,-146.413452148,-1527.905273438, 0.142224893,,,,,,,,,,,,,,
79, 0.664623797, 0.703268170, 0.252366960, 0.734714210,-0.676565766,-0.049536414, 0.135905460, 0.218340650,-0.966362774,-6.974025726, 6.675098419,68.468429565, 0.313259006,-0.729119956, 0.676695406, 0.102310754, 0.684227467, 0.723977029, 0.087692961,-0.014729216, 0.133942515,-0.990879595,361.754089355,-146.411544800,-1527.902709961, 0.141922772,,,,,,,,,,,,,,
80, 0.664921165, 0.703932703, 0.249717146, 0.734754086,-0.676538169,-0.049320709, 0.134224713, 0.216275081,-0.967061996,-6.964955807, 6.666976452,68.552162170, 0.312222540,-0.729134202, 0.676608801, 0.102780588, 0.684202552, 0.724017024, 0.087556869,-0.015173152, 0.134163454,-0.990843058,361.753143311,-146.411392212,-1527.905029297, 0.141354546,,,,,,,,,,,,,,
81, 0.664829850, 0.703912795, 0.250016063, 0.734792531,-0.676501334,-0.049252823, 0.134466514, 0.216454685,-0.966988206,-6.963611603, 6.665286064,68.567253113, 0.314027995,-0.729077399, 0.676659346, 0.102850527, 0.684261441, 0.723967135, 0.087509304,-0.015246411, 0.134177700,-0.990840018,361.753601074,-146.411376953,-1527.906250000, 0.142357543,,,,,,,,,,,,,,
82, 0.664769650, 0.704060793, 0.249759212, 0.734999120,-0.676216185,-0.050079513, 0.133632198, 0.216864139,-0.967012107,-6.961478710, 6.669773102,68.585800171, 0.313838154,-0.729108155, 0.676629305, 0.102830470, 0.684230089, 0.723987460, 0.087586395,-0.015184448, 0.134219661,-0.990835309,361.755676270,-146.412368774,-1527.902832031, 0.142875805,,,,,,,,,,,,,,
83, 0.665305436, 0.704227149, 0.247856274, 0.734914899,-0.676209092,-0.051393103, 0.131410256, 0.216345385,-0.967432678,-6.958251476, 6.699081898,68.625473022, 0.314514756,-0.729071736, 0.676697612, 0.102638811, 0.684274018, 0.723930776, 0.087711319,-0.014949358, 0.134180918,-0.990844071,361.757720947,-146.413177490,-1527.902832031, 0.142300412,,,,,,,,,,,,,,
84, 0.666303873, 0.704575062, 0.244158104, 0.734466434,-0.676677704,-0.051637132, 0.128834099, 0.213731930,-0.968359649,-6.887957573, 6.775901318,68.749572754, 0.313743979,-0.728942513, 0.676787496, 0.102963917, 0.684395969, 0.723900855, 0.087004170,-0.015652329, 0.133889124,-0.990872741,361.759094238,-146.412933350,-1527.898437500, 0.142855525,,,,,,,,,,,,,,
85, 0.666640580, 0.704782248, 0.242635980, 0.734436631,-0.676651657,-0.052396275, 0.127252072, 0.213130251,-0.968701422,-6.876657486, 6.824618816,68.778381348, 0.312440932,-0.728993595, 0.676766396, 0.102740444, 0.684346855, 0.723933280, 0.087120503,-0.015416997, 0.133820400,-0.990885675,361.759643555,-146.411987305,-1527.899658203, 0.143465042,,,,,,,,,,,,,,
86, 0.666696429, 0.704726398, 0.242644921, 0.734441161,-0.676611602,-0.052847728, 0.126933187, 0.213441819,-0.968674660,-6.872831345, 6.834293842,68.795188904, 0.311899275,-0.729025304, 0.676729739, 0.102756292, 0.684317112, 0.723926246, 0.087411813,-0.015233801, 0.134043321,-0.990858376,361.757568359,-146.410751343,-1527.899414063, 0.143894941,,,,,,,,,,,,,,
87, 0.666789412, 0.704461575, 0.243157789, 0.734187305,-0.676945806,-0.052089620, 0.127909511, 0.213256165,-0.968587101,-6.848907948, 6.866745472,68.878112793, 0.312446862,-0.729090571, 0.676654398, 0.102790445, 0.684246898, 0.723992467, 0.087413482,-0.015270792, 0.134066388,-0.990854740,361.756439209,-146.412185669,-1527.900512695, 0.142844036,,,,,,,,,,,,,,
88, 0.667047262, 0.704102814, 0.243489519, 0.733824074,-0.677381814,-0.051537588, 0.128647611, 0.213056475,-0.968533278,-6.844418049, 6.875432968,68.941131592, 0.312021583,-0.729153752, 0.676560223, 0.102961466, 0.684182644, 0.724003971, 0.087819912,-0.015129050, 0.134478673,-0.990800977,361.756164551,-146.413269043,-1527.902954102, 0.142168060,,,,,,,,,,,,,,
89, 0.667573988, 0.703592181, 0.243522003, 0.733281612,-0.677986681,-0.051303986, 0.129007593, 0.212819427,-0.968537569,-6.825547695, 6.930019379,69.047370911, 0.312816709,-0.729037285, 0.676692963, 0.102913961, 0.684301555, 0.723942935, 0.087396108,-0.015363498, 0.134139195,-0.990843415,361.754547119,-146.411590576,-1527.903076172, 0.142503381,,,,,,,,,,,,,,
90, 0.668010771, 0.702875137, 0.244393438, 0.732918739,-0.678281128,-0.052581962, 0.128808901, 0.214245841,-0.968249440,-6.826449394, 6.968080521,69.074874878, 0.312895268,-0.729008317, 0.676773965, 0.102585748, 0.684335113, 0.723933041, 0.087214589,-0.015240652, 0.133783191,-0.990893424,361.754516602,-146.410568237,-1527.900024414, 0.143760473,,,,,,,,,,,,,,
91, 0.668810189, 0.702220023, 0.244089961, 0.732289195,-0.678899705,-0.053363457, 0.128239721, 0.214434475,-0.968283236,-6.828287125, 6.982913494,69.123573303, 0.312810212,-0.729043186, 0.676754594, 0.102465793, 0.684304774, 0.723922610, 0.087538779,-0.014935032, 0.133937389,-0.990877271,361.757873535,-146.411117554,-1527.900146484, 0.142691627,,,,,,,,,,,,,,
92, 0.669782162, 0.702298403, 0.241182014, 0.731942415,-0.679136038,-0.055086419, 0.125108287, 0.213427246,-0.968915224,-6.814856529, 6.966934681,69.133689880, 0.312367350,-0.729092598, 0.676652670, 0.102786861, 0.684252143, 0.723929048, 0.087896012,-0.014935323, 0.134416461,-0.990812361,361.760437012,-146.411453247,-1527.901977539, 0.143015012,,,,,,,,,,,,,,
93, 0.670284569, 0.702940762, 0.237892538, 0.732094526,-0.678820789,-0.056920040, 0.121474989, 0.212312460,-0.969622195,-6.790596485, 6.997392654,69.143981934, 0.310566843,-0.729092956, 0.676654696, 0.102770932, 0.684246242, 0.723980308, 0.087518997,-0.015183994, 0.134130105,-0.990847349,361.761383057,-146.410659790,-1527.901123047, 0.144267544,,,,,,,,,,,,,,
94, 0.670771837, 0.703211308, 0.235709295, 0.732003629,-0.678838432,-0.057870403, 0.119313411, 0.211357906,-0.970099032,-6.764587879, 7.023451328,69.160835266, 0.312682271,-0.729025006, 0.676739097, 0.102697156, 0.684320450, 0.723907709, 0.087539181,-0.015102079, 0.134096026,-0.990853250,361.760833740,-146.412551880,-1527.902954102, 0.143546864,,,,,,,,,,,,,,
95, 0.670884550, 0.703063190, 0.235830501, 0.731936693,-0.678871572,-0.058327574, 0.119090647, 0.211744070,-0.970042229,-6.714617252, 7.071050644,69.172950745, 0.312243760,-0.729026198, 0.676766634, 0.102506801, 0.684321523, 0.723912179, 0.087493628,-0.014993155, 0.133932754,-0.990876973,361.759857178,-146.413116455,-1527.900512695, 0.143072814,,,,,,,,,,,,,,
96, 0.670472503, 0.702812672, 0.237741321, 0.732080936,-0.678733826,-0.058119535, 0.120515935, 0.213013440,-0.969588101,-6.680375099, 7.122198105,69.212776184, 0.312507063,-0.729034424, 0.676805079, 0.102194458, 0.684315920, 0.723932683, 0.087368011,-0.014850800, 0.133627579,-0.990920365,361.756530762,-146.412094116,-1527.901000977, 0.142082334,,,,,,,,,,,,,,
97, 0.670574784, 0.702541769, 0.238253117, 0.731897295,-0.678947866,-0.057932395, 0.121061519, 0.213224813,-0.969473720,-6.622831821, 7.149745941,69.256736755, 0.312535375,-0.729052067, 0.676777601, 0.102250040, 0.684297442, 0.723939061, 0.087459587,-0.014832111, 0.133732036,-0.990906537,361.753936768,-146.411376953,-1527.902832031, 0.142990410,,,,,,,,,,,,,,
98, 0.671240747, 0.702401340, 0.236787200, 0.731320679,-0.679643035,-0.057055756, 0.120854743, 0.211465523,-0.969884753,-6.541477680, 7.198150635,69.332626343, 0.312468171,-0.729008019, 0.676792145, 0.102467529, 0.684339464, 0.723911941, 0.087355308,-0.015056076, 0.133805305,-0.990893245,361.751403809,-146.411453247,-1527.903564453, 0.144478589,,,,,,,,,,,,,,
99, 0.672013700, 0.703004301, 0.232771635, 0.730854869,-0.680276871,-0.055448897, 0.119368345, 0.207384691,-0.970949471,-6.502453327, 7.236475468,69.475570679, 0.313031107,-0.729021192, 0.676738322, 0.102729045, 0.684324384, 0.723900139, 0.087570719,-0.015103112, 0.134140909,-0.990847111,361.749176025,-146.410934448,-1527.902343750, 0.143710241,,,,,,,,,,,,,,
100, 0.672078311, 0.703707814, 0.230447605, 0.730894148,-0.680348754,-0.054031201, 0.118762560, 0.204745978,-0.971583486,-6.508455276, 7.302826881,69.605987549, 0.313203812,-0.729079664, 0.676742136, 0.102288745, 0.684268117, 0.723961353, 0.087505087,-0.014834722, 0.133791104,-0.990898550,361.750640869,-146.409683228,-1527.900878906, 0.142919660,,,,,,,,,,,,,,
101, 0.672093093, 0.703744709, 0.230291754, 0.730730951,-0.680630982,-0.052666876, 0.119679660, 0.203678355,-0.971695423,-6.476712227, 7.363905907,69.689949036, 0.313689262,-0.729021728, 0.676802337, 0.102303706, 0.684326828, 0.723930180, 0.087303691,-0.014973403, 0.133655444,-0.990914762,361.754943848,-146.409286499,-1527.900024414, 0.143486276,,,,,,,,,,,,,,
102, 0.671928167, 0.703783691, 0.230653375, 0.730803609,-0.680580139,-0.052313820, 0.120160490, 0.203713447,-0.971628666,-6.463515282, 7.402044296,69.732162476, 0.312096298,-0.728994191, 0.676839352, 0.102254234, 0.684357524, 0.723896682, 0.087340213,-0.014906207, 0.133648962,-0.990916669,361.759735107,-146.409133911,-1527.901489258, 0.142909423,,,,,,,,,,,,,,
103, 0.671048582, 0.703969181, 0.232639670, 0.731281757,-0.680147350,-0.051250152, 0.122150727, 0.204516500,-0.971211731,-6.458970070, 7.406157494,69.759216309, 0.312459350,-0.729069650, 0.676750720, 0.102303170, 0.684274673, 0.723986268, 0.087247305,-0.015021419, 0.133612826,-0.990919769,361.763702393,-146.409286499,-1527.901977539, 0.143275082,,,,,,,,,,,,,,
104, 0.670557141, 0.704341948, 0.232928410, 0.731697619,-0.679714084,-0.051062558, 0.122359209, 0.204673514,-0.971152425,-6.420335770, 7.394392967,69.752967834, 0.314090192,-0.729010403, 0.676741302, 0.102785923, 0.684327006, 0.723960042, 0.087053403,-0.015500272, 0.133802027,-0.990886807,361.764709473,-146.410598755,-1527.900634766, 0.144396901,,,,,,,,,,,,,,
105, 0.669900417, 0.704680800, 0.233791456, 0.732235968,-0.679128110,-0.051142447, 0.122735240, 0.205450848,-0.970940828,-6.420529842, 7.421183586,69.734954834, 0.313776910,-0.728995681, 0.676801980, 0.102491125, 0.684345841, 0.723957598, 0.086926498,-0.015367201, 0.133508414,-0.990928531,361.761932373,-146.410873413,-1527.903686523, 0.144208238,,,,,,,,,,,,,,
106, 0.669292033, 0.704941690, 0.234745368, 0.732725501,-0.678587914,-0.051300175, 0.123131737, 0.206338733,-0.970702291,-6.424355507, 7.455756187,69.741043091, 0.313444525,-0.728963017, 0.676898777, 0.102083303, 0.684384525, 0.723944247, 0.086733036,-0.015193130, 0.133089408,-0.990987599,361.756958008,-146.410079956,-1527.898559570, 0.144135728,,,,,,,,,,,,,,
107, 0.668282926, 0.704985797, 0.237471893, 0.733112454,-0.678312600,-0.049377579, 0.126269683, 0.207091793,-0.970138609,-6.437887669, 7.409934998,69.755577087, 0.313984185,-0.729074478, 0.676740527, 0.102336325, 0.684270382, 0.723979235, 0.087339140,-0.014983437, 0.133702457,-0.990908265,361.753570557,-146.410705566,-1527.898315430, 0.144270927,,,,,,,,,,,,,,
108, 0.667637229, 0.704567254, 0.240511045, 0.733211279,-0.678281009,-0.048332717, 0.129080430, 0.208614141,-0.969442308,-6.442785740, 7.429027081,69.755332947, 0.314080060,-0.729061961, 0.676789939, 0.102097757, 0.684285522, 0.723981082, 0.087204888,-0.014897455, 0.133441791,-0.990944684,361.749328613,-146.410812378,-1527.902832031, 0.143045232,,,,,,,,,,,,,,
