Number of frames: 4538
Frequency: 100
Units: mm

Frame,Digitizing Probe R00,Digitizing Probe R01,Digitizing Probe R02,Digitizing Probe R10,Digitizing Probe R11,Digitizing Probe R12,Digitizing Probe R20,Digitizing Probe R21,Digitizing Probe R22,Digitizing Probe x,Digitizing Probe y,Digitizing Probe z,Digitizing Probe Error,HumMarker R00,HumMarker R01,HumMarker R02,HumMarker R10,HumMarker R11,HumMarker R12,HumMarker R20,HumMarker R21,HumMarker R22,HumMarker x,HumMarker y,HumMarker z,HumMarker Error,StemMarker R00,StemMarker R01,StemMarker R02,StemMarker R10,StemMarker R11,StemMarker R12,StemMarker R20,StemMarker R21,StemMarker R22,StemMarker x,StemMarker y,StemMarker z,StemMarker Error
1, 0.420233965, 0.743565679, 0.520109177, 0.696251035,-0.631796896, 0.340686411, 0.581926048, 0.218958572,-0.783210874,-20.193759918, 2.622048378,63.226005554, 0.296084553,-0.622663081, 0.777372897, 0.089342408, 0.773784280, 0.628693104,-0.077477835,-0.116398126, 0.020889161,-0.992982924,136.124114990,-199.250320435,-1477.192016602, 0.128982544,,,,,,,,,,,,,,
2, 0.419807136, 0.743609369, 0.520391285, 0.696634650,-0.631518364, 0.340418458, 0.581775010, 0.219612494,-0.783140004,-20.199476242, 2.661524296,63.209453583, 0.296012133,-0.622627378, 0.777461350, 0.088819683, 0.773830593, 0.628602326,-0.077751376,-0.116280951, 0.020321250,-0.993008435,136.122421265,-199.250869751,-1477.192626953, 0.129172191,,,,,,,,,,,,,,
3, 0.419422299, 0.743634522, 0.520665526, 0.696704447,-0.631380498, 0.340531379, 0.581968963, 0.219923541,-0.782908559,-20.178775787, 2.671110630,63.208042145, 0.296484679,-0.622644126, 0.777438641, 0.088901624, 0.773772717, 0.628634870,-0.078064151,-0.116576746, 0.020183466,-0.992976606,136.122985840,-199.251403809,-1477.195190430, 0.128952250,,,,,,,,,,,,,,
4, 0.418844283, 0.743547022, 0.521255553, 0.696623683,-0.631325305, 0.340798706, 0.582481682, 0.220377386,-0.782399476,-20.193166733, 2.658396244,63.225845337, 0.296180487,-0.622660220, 0.777425885, 0.088900410, 0.773779154, 0.628647387,-0.077899076,-0.116447762, 0.020284630,-0.992989719,136.122573853,-199.251098633,-1477.191894531, 0.128326595,,,,,,,,,,,,,,
5, 0.418652147, 0.743360221, 0.521676123, 0.696640611,-0.631393433, 0.340637952, 0.582599580, 0.220811978,-0.782189131,-20.175771713, 2.636583090,63.234443665, 0.295141637,-0.622581065, 0.777440727, 0.089323707, 0.773805559, 0.628617644,-0.077877425,-0.116695538, 0.020634172,-0.992953420,136.123626709,-199.250946045,-1477.190429688, 0.128272042,,,,,,,,,,,,,,
6, 0.417933375, 0.743117094, 0.522598088, 0.696536601,-0.631413639, 0.340813190, 0.583239615, 0.221571460,-0.781497061,-20.177286148, 2.625186920,63.224792480, 0.296488315,-0.622630477, 0.777389526, 0.089424841, 0.773786485, 0.628673196,-0.077617608,-0.116558120, 0.020868644,-0.992964566,136.124465942,-199.251632690,-1477.193237305, 0.128471613,,,,,,,,,,,,,,
7, 0.417272508, 0.743172467, 0.523047149, 0.696678102,-0.631159782, 0.340994030, 0.583543718, 0.222108081,-0.781117618,-20.198545456, 2.639271259,63.248443604, 0.295000494,-0.622631490, 0.777432024, 0.089047685, 0.773816824, 0.628631055,-0.077656478,-0.116350763, 0.020555228,-0.992995441,136.124618530,-199.250488281,-1477.194458008, 0.128437951,,,,,,,,,,,,,,
8, 0.416937530, 0.743353903, 0.523056507, 0.696715415,-0.630944133, 0.341316849, 0.583738625, 0.222113699,-0.780970335,-20.185106277, 2.621451616,63.241230011, 0.294077992,-0.622664809, 0.777373075, 0.089328445, 0.773761153, 0.628697336,-0.077674620,-0.116542719, 0.020753626,-0.992968857,136.127548218,-199.251296997,-1477.194702148, 0.129230201,,,,,,,,,,,,,,
9, 0.416838169, 0.743483901, 0.522950888, 0.696944356,-0.630747437, 0.341212869, 0.583536208, 0.222237125,-0.781086504,-20.172170639, 2.634840727,63.215877533, 0.296079904,-0.622598529, 0.777429640, 0.089298472, 0.773799956, 0.628630996,-0.077824600,-0.116638936, 0.020645672,-0.992959797,136.128875732,-199.251083374,-1477.194213867, 0.128720328,,,,,,,,,,,,,,
10, 0.416713804, 0.743896902, 0.522462368, 0.697092116,-0.630390584, 0.341570318, 0.583448470, 0.221867338,-0.781257153,-20.184818268, 2.655283689,63.231891632, 0.295684934,-0.622622073, 0.777454793, 0.088914491, 0.773801684, 0.628612280,-0.077958614,-0.116502039, 0.020263428,-0.992983758,136.130630493,-199.251281738,-1477.194702148, 0.128376946,,,,,,,,,,,,,,
11, 0.416525066, 0.744058132, 0.522383392, 0.697018802,-0.630266070, 0.341949582, 0.583670855, 0.221680477,-0.781144083,-20.177841187, 2.656740904,63.205619812, 0.296146065,-0.622599661, 0.777466238, 0.088971697, 0.773809373, 0.628597558,-0.078001179,-0.116570666, 0.020283625,-0.992975295,136.128662109,-199.251327515,-1477.192504883, 0.128016934,,,,,,,,,,,,,,
12, 0.416397214, 0.744322896, 0.522108078, 0.696658313,-0.630197346, 0.342809796, 0.584192276, 0.220985860,-0.780951142,-20.187488556, 2.642789602,63.223052979, 0.297060668,-0.622697473, 0.777376592, 0.089070119, 0.773754120, 0.628700614,-0.077718347,-0.116414860, 0.020523347,-0.992988586,136.127670288,-199.251174927,-1477.191528320, 0.127786174,,,,,,,,,,,,,,
13, 0.416726798, 0.744699001, 0.521308124, 0.696857691,-0.629956663, 0.342846781, 0.583719194, 0.220404118,-0.781469047,-20.170585632, 2.648984671,63.220458984, 0.295322835,-0.622616947, 0.777427495, 0.089189097, 0.773783982, 0.628638566,-0.077923268,-0.116647393, 0.020496743,-0.992961884,136.127166748,-199.251052856,-1477.195312500, 0.128433585,,,,,,,,,,,,,,
14, 0.416512161, 0.745171607, 0.520804107, 0.696962476,-0.629552662, 0.343375623, 0.583747387, 0.219960779,-0.781572938,-20.171291351, 2.656300783,63.237297058, 0.295124918,-0.622625411, 0.777435362, 0.089060761, 0.773758650, 0.628637314,-0.078183904,-0.116769850, 0.020232245,-0.992952883,136.125640869,-199.251007080,-1477.195068359, 0.128143132,,,,,,,,,,,,,,
15, 0.416461140, 0.745233953, 0.520755649, 0.696935415,-0.629509032, 0.343510360, 0.583815992, 0.219874352,-0.781545997,-20.171676636, 2.650561571,63.217468262, 0.296341240,-0.622598529, 0.777445674, 0.089158691, 0.773795128, 0.628617823,-0.077979222,-0.116671354, 0.020440815,-0.992960155,136.123504639,-199.251419067,-1477.191406250, 0.128036484,,,,,,,,,,,,,,
16, 0.416640162, 0.745613098, 0.520069361, 0.696875751,-0.629325509, 0.343967468, 0.583759546, 0.219113052,-0.781801939,-20.181560516, 2.633205891,63.251770020, 0.296339363,-0.622572958, 0.777451217, 0.089288533, 0.773818851, 0.628604829,-0.077847853,-0.116650119, 0.020627180,-0.992958844,136.121658325,-199.251144409,-1477.191162109, 0.128355712,,,,,,,,,,,,,,
17, 0.416331828, 0.745814264, 0.520027816, 0.696871221,-0.629117548, 0.344356865, 0.583984852, 0.219025686,-0.781658113,-20.198949814, 2.630456209,63.254966736, 0.295860142,-0.622568130, 0.777469516, 0.089163035, 0.773861587, 0.628580630,-0.077618107,-0.116391867, 0.020677291,-0.992988110,136.120178223,-199.250350952,-1477.191528320, 0.128560409,,,,,,,,,,,,,,
18, 0.416238129, 0.746153712, 0.519615650, 0.697271228,-0.628719270, 0.344274431, 0.583574057, 0.219012916,-0.781968474,-20.166534424, 2.663870096,63.247196198, 0.295731872,-0.622537673, 0.777502000, 0.089092024, 0.773817599, 0.628555238,-0.078259625,-0.116846278, 0.020221410,-0.992944121,136.118362427,-199.249755859,-1477.192016602, 0.128610313,,,,,,,,,,,,,,
19, 0.415664375, 0.746491253, 0.519590139, 0.697268248,-0.628353834, 0.344947010, 0.583986402, 0.218911529,-0.781688988,-20.169380188, 2.655152798,63.241756439, 0.297318727,-0.622538507, 0.777497768, 0.089123711, 0.773824334, 0.628557920,-0.078171529,-0.116797604, 0.020301308,-0.992948234,136.117401123,-199.250930786,-1477.190917969, 0.129176214,,,,,,,,,,,,,,
20, 0.414991260, 0.746824086, 0.519649863, 0.697443783,-0.627899289, 0.345419586, 0.584255457, 0.219080463,-0.781440556,-20.195285797, 2.641665697,63.213691711, 0.296687216,-0.622642398, 0.777423859, 0.089042723, 0.773808777, 0.628641248,-0.077654250,-0.116346188, 0.020551214,-0.992996037,136.118682861,-199.250228882,-1477.192138672, 0.129353717,,,,,,,,,,,,,,
21, 0.414962471, 0.747487783, 0.518717885, 0.697987139,-0.627246857, 0.345507443, 0.583626688, 0.218685761,-0.782020748,-20.170246124, 2.666528463,63.209007263, 0.297882915,-0.622606397, 0.777460039, 0.088978387, 0.773795485, 0.628606439,-0.078067720,-0.116626918, 0.020245610,-0.992969453,136.120834351,-199.251098633,-1477.192993164, 0.128460497,,,,,,,,,,,,,,
22, 0.414786130, 0.748438060, 0.517487049, 0.698069692,-0.626537144, 0.346626341, 0.583653271, 0.217466235,-0.782340884,-20.142908096, 2.662686348,63.235149384, 0.297428310,-0.622525215, 0.777487218, 0.089308366, 0.773788989, 0.628571332,-0.078414053,-0.117102601, 0.020291105,-0.992912531,136.124984741,-199.251968384,-1477.195312500, 0.127892360,,,,,,,,,,,,,,
23, 0.414290071, 0.749236763, 0.516728103, 0.698464096,-0.625730574, 0.347288221, 0.583533704, 0.217037976,-0.782548964,-20.142698288, 2.663715601,63.229732513, 0.296771169,-0.622532129, 0.777484894, 0.089280315, 0.773791909, 0.628573954,-0.078364059,-0.117046148, 0.020300236,-0.992918968,136.128631592,-199.251968384,-1477.194458008, 0.129083306,,,,,,,,,,,,,,
24, 0.413677961, 0.749934554, 0.516206086, 0.698647618,-0.625039458, 0.348162532, 0.583748281, 0.216618985,-0.782505095,-20.152301788, 2.653064966,63.220516205, 0.298221052,-0.622583508, 0.777439892, 0.089314327, 0.773777187, 0.628623784,-0.078109235,-0.116870336, 0.020479867,-0.992936015,136.127777100,-199.249130249,-1477.191894531, 0.129288316,,,,,,,,,,,,,,
25, 0.413069725, 0.750463486, 0.515924513, 0.699011207,-0.624395192, 0.348588616, 0.583743751, 0.216645598,-0.782501042,-20.176591873, 2.651317835,63.203807831, 0.297419637,-0.622659266, 0.777407169, 0.089070603, 0.773776472, 0.628664076,-0.077790640,-0.116470486, 0.020483678,-0.992982924,136.128540039,-199.247497559,-1477.190307617, 0.128636122,,,,,,,,,,,,,,
26, 0.412482232, 0.751019299, 0.515585542, 0.699106753,-0.623836219, 0.349396855, 0.584044695, 0.216329321,-0.782364011,-20.206003189, 2.643459082,63.215213776, 0.295684457,-0.622712374, 0.777389169, 0.088855729, 0.773784339, 0.628686547,-0.077530511,-0.116133787, 0.020475967,-0.993022442,136.127212524,-199.247009277,-1477.191284180, 0.127909064,,,,,,,,,,,,,,
27, 0.412196755, 0.751485050, 0.515134990, 0.698919296,-0.623517692, 0.350339204, 0.584470451, 0.215629086,-0.782239377,-20.213350296, 2.638477087,63.236827850, 0.295673162,-0.622721910, 0.777379572, 0.088873394, 0.773781836, 0.628696918,-0.077472068,-0.116099626, 0.020525057,-0.993025422,136.124588013,-199.247100830,-1477.194091797, 0.129020616,,,,,,,,,,,,,,
28, 0.412129253, 0.751782656, 0.514754593, 0.698751092,-0.623360038, 0.350954652, 0.584719062, 0.215046659,-0.782213867,-20.200693130, 2.619898558,63.237644196, 0.296637446,-0.622714877, 0.777348697, 0.089191817, 0.773761749, 0.628726184,-0.077434897,-0.116271153, 0.020793356,-0.992999852,136.123962402,-199.246643066,-1477.192749023, 0.129580423,,,,,,,,,,,,,,
29, 0.412194848, 0.751982331, 0.514410377, 0.699190140,-0.623078823, 0.350579470, 0.584147751, 0.215163574,-0.782608509,-20.191535950, 2.645560265,63.217311859, 0.296242863,-0.622732043, 0.777362406, 0.088952027, 0.773730934, 0.628722310,-0.077772982,-0.116383925, 0.020393211,-0.992994905,136.122833252,-199.246444702,-1477.191650391, 0.128492013,,,,,,,,,,,,,,
30, 0.412830621, 0.752024770, 0.513838112, 0.698928475,-0.623305500, 0.350698262, 0.584011912, 0.214357093,-0.782931089,-20.182071686, 2.627170801,63.253314972, 0.296572417,-0.622624457, 0.777404368, 0.089337848, 0.773778260, 0.628660858,-0.077799141,-0.116644599, 0.020688036,-0.992958248,136.122955322,-199.247726440,-1477.193115234, 0.129382342,,,,,,,,,,,,,,
31, 0.413299829, 0.751734495, 0.513885736, 0.699109852,-0.623554289, 0.349893510, 0.583462656, 0.214651659,-0.783259869,-20.170480728, 2.620744705,63.228416443, 0.296562701,-0.622547328, 0.777442038, 0.089547038, 0.773821294, 0.628608465,-0.077794835,-0.116771005, 0.020862440,-0.992939711,136.121505737,-199.249267578,-1477.195800781, 0.128956854,,,,,,,,,,,,,,
32, 0.413352668, 0.751515329, 0.514163673, 0.699419022,-0.623602629, 0.349188834, 0.583054543, 0.215277717,-0.783391953,-20.195652008, 2.630880594,63.232318878, 0.295522124,-0.622629344, 0.777420282, 0.089164995, 0.773801684, 0.628643572,-0.077706128,-0.116463318, 0.020613905,-0.992981076,136.122085571,-199.249572754,-1477.192749023, 0.129198626,,,,,,,,,,,,,,
33, 0.413875759, 0.751027346, 0.514455855, 0.699757636,-0.623939216, 0.347906679, 0.582276583, 0.216004282,-0.783770442,-20.183177948, 2.656631231,63.227188110, 0.297131419,-0.622615516, 0.777451813, 0.088986665, 0.773808956, 0.628612638,-0.077883579,-0.116488867, 0.020367155,-0.992983162,136.122528076,-199.250747681,-1477.190551758, 0.128724709,,,,,,,,,,,,,,
34, 0.414039850, 0.750692248, 0.514812648, 0.700014174,-0.624111235, 0.347081065, 0.581851482, 0.216670752,-0.783902168,-20.183410645, 2.652645111,63.203701019, 0.296147823,-0.622669756, 0.777409732, 0.088974871, 0.773767650, 0.628664970,-0.077871762,-0.116473652, 0.020357484,-0.992985129,136.125198364,-199.250350952,-1477.192138672, 0.128349513,,,,,,,,,,,,,,
35, 0.414319396, 0.750435948, 0.514961481, 0.700007319,-0.624356687, 0.346653342, 0.581660748, 0.216851592,-0.783993721,-20.186374664, 2.654867172,63.210262299, 0.295318097,-0.622662246, 0.777419627, 0.088940419, 0.773781717, 0.628652751,-0.077830173,-0.116419345, 0.020358561,-0.992991447,136.125823975,-199.250671387,-1477.193969727, 0.128926337,,,,,,,,,,,,,,
36, 0.414725602, 0.750500619, 0.514540076, 0.700058520,-0.624395967, 0.346479058, 0.581309497, 0.216514438,-0.784347415,-20.157447815, 2.648845434,63.228099823, 0.295941412,-0.622551441, 0.777470231, 0.089273289, 0.773781538, 0.628591478,-0.078325048,-0.117011823, 0.020316653,-0.992922664,136.125747681,-199.250442505,-1477.195800781, 0.129214853,,,,,,,,,,,,,,
37, 0.414798528, 0.750505328, 0.514474332, 0.700165808,-0.624371052, 0.346307099, 0.581128240, 0.216569647,-0.784466386,-20.170801163, 2.652649879,63.238021851, 0.295911908,-0.622597277, 0.777453125, 0.089102328, 0.773779869, 0.628613770,-0.078163080,-0.116779082, 0.020281468,-0.992950797,136.127792358,-199.248855591,-1477.196289063, 0.128637850,,,,,,,,,,,,,,
38, 0.414622515, 0.750408530, 0.514757335, 0.700343668,-0.624325633, 0.346029162, 0.581039488, 0.217035577,-0.784403384,-20.174526215, 2.652679920,63.212528229, 0.295550317,-0.622596681, 0.777458310, 0.089061081, 0.773809075, 0.628604054,-0.077951446,-0.116588160, 0.020383960,-0.992971122,136.127441406,-199.247863770,-1477.193237305, 0.128644854,,,,,,,,,,,,,,
39, 0.414570540, 0.750775754, 0.514263570, 0.700291634,-0.624084890, 0.346568465, 0.581139326, 0.216457382,-0.784489155,-20.164411545, 2.633438587,63.264255524, 0.295848280,-0.622610986, 0.777415335, 0.089335755, 0.773756146, 0.628653049,-0.078081079,-0.116862632, 0.020509953,-0.992936313,136.127975464,-199.249191284,-1477.190673828, 0.128987342,,,,,,,,,,,,,,
40, 0.414146990, 0.750715435, 0.514692724, 0.700775445,-0.623838425, 0.346033841, 0.580858052, 0.217375159,-0.784443736,-20.162094116, 2.639625311,63.224254608, 0.295950115,-0.622588336, 0.777442455, 0.089258321, 0.773775995, 0.628622472,-0.078131177,-0.116852276, 0.020422384,-0.992939293,136.129608154,-199.249389648,-1477.196411133, 0.128871873,,,,,,,,,,,,,,
41, 0.413972884, 0.750487387, 0.515165210, 0.701036990,-0.623849690, 0.345483392, 0.580666542, 0.218129098,-0.784376264,-20.185075760, 2.644424915,63.228324890, 0.296726555,-0.622573316, 0.777483702, 0.089002699, 0.773852110, 0.628570735,-0.077792645,-0.116427004, 0.020443300,-0.992988825,136.128723145,-199.249252319,-1477.193969727, 0.128840983,,,,,,,,,,,,,,
42, 0.413953841, 0.750268102, 0.515499711, 0.701080084,-0.623975575, 0.345168412, 0.580628097, 0.218522802,-0.784295142,-20.184993744, 2.627186775,63.245433807, 0.297553569,-0.622545362, 0.777486503, 0.089174010, 0.773863494, 0.628561974,-0.077750511,-0.116501369, 0.020605290,-0.992976785,136.130233765,-199.249984741,-1477.194946289, 0.129660785,,,,,,,,,,,,,,
43, 0.414371371, 0.750185788, 0.515284002, 0.701968253,-0.623800635, 0.343676209, 0.579255521, 0.219303399,-0.785091758,-20.173198700, 2.630522013,63.249671936, 0.296057701,-0.622574449, 0.777468920, 0.089124069, 0.773793936, 0.628593981,-0.078182921,-0.116807647, 0.020288974,-0.992947340,136.132507324,-199.249847412,-1477.198120117, 0.129114673,,,,,,,,,,,,,,
44, 0.413185358, 0.750786841, 0.515360951, 0.702074349,-0.623059213, 0.344802558, 0.579973638, 0.219354346,-0.784547150,-20.253919601, 2.596736908,63.329101563, 0.296466589,-0.622593105, 0.777488410, 0.088823132, 0.773810565, 0.628576756,-0.078156069,-0.116597608, 0.020072857,-0.992976367,136.129226685,-199.248596191,-1477.195922852, 0.128329352,,,,,,,,,,,,,,
45, 0.411773205, 0.751899660, 0.514868736, 0.699261963,-0.623002768, 0.350571334, 0.584359050, 0.215672225,-0.782310665,-20.357231140, 2.550006390,63.635452271, 0.294912279,-0.622583687, 0.777460515, 0.089132890, 0.773771346, 0.628606677,-0.078303955,-0.116907768, 0.020217713,-0.992936969,136.127990723,-199.247695923,-1477.195556641, 0.128422812,,,,,,,,,,,,,,
46, 0.413715959, 0.751764297, 0.513507128, 0.698665142,-0.623801351, 0.350341082, 0.583700359, 0.213827834,-0.783308029,-20.409132004, 2.571679354,63.823013306, 0.296049446,-0.622565091, 0.777476549, 0.089123085, 0.773780704, 0.628588200,-0.078359850,-0.116944663, 0.020177618,-0.992933452,136.126098633,-199.250747681,-1477.199951172, 0.128965065,,,,,,,,,,,,,,
47, 0.413783997, 0.751433134, 0.513936818, 0.698578835,-0.624075770, 0.350024402, 0.583755434, 0.214190871,-0.783167839,-20.399826050, 2.578388453,63.853309631, 0.295599222,-0.622582793, 0.777433813, 0.089371860, 0.773767591, 0.628630638,-0.078148916,-0.116937496, 0.020498879,-0.992927730,136.123886108,-199.249877930,-1477.201293945, 0.128306970,,,,,,,,,,,,,,
48, 0.412853539, 0.751464665, 0.514638603, 0.698952258,-0.623684168, 0.349976987, 0.583967209, 0.215218544,-0.782728136,-20.416267395, 2.592399359,63.857349396, 0.295143098,-0.622572362, 0.777481496, 0.089029290, 0.773828328, 0.628576696,-0.077981241,-0.116590701, 0.020344419,-0.992971659,136.123306274,-199.247619629,-1477.201538086, 0.128008902,,,,,,,,,,,,,,
49, 0.412626386, 0.751680434, 0.514505565, 0.699403048,-0.623314083, 0.349735409, 0.583587825, 0.215536699,-0.782923460,-20.423311234, 2.599876642,63.885646820, 0.295606017,-0.622573793, 0.777506828, 0.088797465, 0.773827374, 0.628554821,-0.078166589,-0.116589136, 0.020049440,-0.992977798,136.123062134,-199.250473022,-1477.199829102, 0.129059285,,,,,,,,,,,,,,
50, 0.412525922, 0.751651525, 0.514628351, 0.699130833,-0.623408973, 0.350110322, 0.583984911, 0.215362966,-0.782675147,-20.425388336, 2.570601225,63.891651154, 0.295813203,-0.622596383, 0.777449787, 0.089137949, 0.773809075, 0.628611505,-0.077891886,-0.116590165, 0.020480545,-0.992968917,136.125015259,-199.252883911,-1477.200073242, 0.129048392,,,,,,,,,,,,,,
51, 0.412826240, 0.751777291, 0.514203727, 0.699218869,-0.623366356, 0.350010544, 0.583667219, 0.215047419,-0.782998800,-20.420255661, 2.577376842,63.908054352, 0.294874489,-0.622562647, 0.777474463, 0.089158386, 0.773808241, 0.628584862,-0.078114904,-0.116775952, 0.020360071,-0.992949545,136.126586914,-199.251800537,-1477.197875977, 0.129508823,,,,,,,,,,,,,,
52, 0.412361711, 0.751900971, 0.514395535, 0.698987007,-0.623250902, 0.350678563, 0.584273040, 0.214949369,-0.782573819,-20.432584763, 2.592902660,63.911426544, 0.294836193,-0.622594297, 0.777463436, 0.089033343, 0.773770213, 0.628605962,-0.078321144,-0.116858713, 0.020129055,-0.992944598,136.128463745,-199.251358032,-1477.195190430, 0.128782138,,,,,,,,,,,,,,
53, 0.412806571, 0.752118349, 0.513720393, 0.698947310,-0.623228669, 0.350797176, 0.584006310, 0.214252114,-0.782963991,-20.434425354, 2.591701031,63.928077698, 0.295611113,-0.622591436, 0.777445376, 0.089210913, 0.773739040, 0.628626764,-0.078461766,-0.117080107, 0.020176345,-0.992917478,136.129730225,-199.251235962,-1477.195922852, 0.128454372,,,,,,,,,,,,,,
54, 0.413189828, 0.752266049, 0.513195813, 0.698909402,-0.623237610, 0.350856751, 0.583780587, 0.213706970,-0.783281267,-20.447620392, 2.585703611,63.914787292, 0.296246141,-0.622639239, 0.777395129, 0.089315653, 0.773721397, 0.628681242,-0.078199200,-0.116942741, 0.020415539,-0.992928803,136.132232666,-199.249710083,-1477.197509766, 0.128220007,,,,,,,,,,,,,,
55, 0.413212180, 0.752646446, 0.512619674, 0.698792934,-0.623025298, 0.351465255, 0.583904147, 0.212985307,-0.783385694,-20.481536865, 2.573470592,63.902633667, 0.295953095,-0.622612119, 0.777414203, 0.089338541, 0.773798287, 0.628646851,-0.077713281,-0.116577797, 0.020744782,-0.992964923,136.129821777,-199.248336792,-1477.195678711, 0.128803581,,,,,,,,,,,,,,
56, 0.413196981, 0.753299057, 0.511672497, 0.698571563,-0.622653425, 0.352562606, 0.584179759, 0.211762056,-0.783511817,-20.466638565, 2.602147102,63.930854797, 0.296317846,-0.622552037, 0.777476192, 0.089217231, 0.773791254, 0.628584683,-0.078284189,-0.116944678, 0.020299533,-0.992930949,136.127044678,-199.246368408,-1477.196166992, 0.128949821,,,,,,,,,,,,,,
57, 0.412952721, 0.753847837, 0.511061072, 0.698709905,-0.622163653, 0.353152722, 0.584187090, 0.211248070,-0.783645153,-20.504951477, 2.585065842,63.900966644, 0.294567436,-0.622642696, 0.777422547, 0.089051768, 0.773795247, 0.628644824,-0.077759676,-0.116434060, 0.020491341,-0.992986977,136.125671387,-199.247268677,-1477.198608398, 0.128542572,,,,,,,,,,,,,,
58, 0.413010091, 0.754168928, 0.510540783, 0.698251843,-0.622120857, 0.354132652, 0.584693909, 0.210225686,-0.783542037,-20.484991074, 2.588189602,63.899932861, 0.296022385,-0.622629464, 0.777409673, 0.089256525, 0.773776829, 0.628657222,-0.077842809,-0.116627514, 0.020597408,-0.992962182,136.123336792,-199.248733521,-1477.198730469, 0.128429279,,,,,,,,,,,,,,
59, 0.413047343, 0.754500210, 0.510020971, 0.697954535,-0.622006714, 0.354918569, 0.585022569, 0.209373266,-0.783525050,-20.484891891, 2.567153454,63.906154633, 0.296215266,-0.622562706, 0.777432621, 0.089521326, 0.773812175, 0.628620625,-0.077786937,-0.116749063, 0.020845449,-0.992942631,136.123184204,-199.249404907,-1477.197509766, 0.130065650,,,,,,,,,,,,,,
60, 0.412923336, 0.754650950, 0.509898245, 0.698125482,-0.621809661, 0.354927570, 0.584906101, 0.209415108,-0.783600748,-20.509468079, 2.585871458,63.908172607, 0.295005858,-0.622585058, 0.777469099, 0.089047998, 0.773849428, 0.628585696,-0.077698238,-0.116382286, 0.020535976,-0.992992103,136.123123169,-199.252456665,-1477.196533203, 0.129030749,,,,,,,,,,,,,,
61, 0.412858605, 0.754688621, 0.509894967, 0.698319852,-0.621697724, 0.354741275, 0.584719718, 0.209611803,-0.783687294,-20.525613785, 2.593018770,63.906913757, 0.295162171,-0.622602761, 0.777482331, 0.088809222, 0.773867607, 0.628573775,-0.077614710,-0.116167203, 0.020403439,-0.993020117,136.122695923,-199.253021240,-1477.198242188, 0.129385710,,,,,,,,,,,,,,
62, 0.413027555, 0.754705012, 0.509733915, 0.698603630,-0.621626675, 0.354306787, 0.584261239, 0.209763512,-0.783988595,-20.501731873, 2.579249620,63.908153534, 0.294812292,-0.622603953, 0.777439058, 0.089178763, 0.773802221, 0.628623188,-0.077865414,-0.116595455, 0.020527409,-0.992967308,136.123718262,-199.251754761,-1477.200073242, 0.128395319,,,,,,,,,,,,,,
63, 0.413163513, 0.754521728, 0.509894967, 0.699081302,-0.621615946, 0.353382289, 0.583593428, 0.210453361,-0.784301043,-20.473327637, 2.594586372,63.901912689, 0.295439065,-0.622582912, 0.777445078, 0.089273393, 0.773774147, 0.628619671,-0.078172170,-0.116893575, 0.020408791,-0.992934704,136.125381470,-199.251724243,-1477.198364258, 0.129021898,,,,,,,,,,,,,,
64, 0.412928194, 0.754322171, 0.510380566, 0.699674249,-0.621480525, 0.352445453, 0.583049059, 0.211565495,-0.784406662,-20.500661850, 2.612206221,63.886531830, 0.295145214,-0.622583747, 0.777501047, 0.088778384, 0.773847282, 0.628557980,-0.077944115,-0.116403989, 0.020174172,-0.992997110,136.126739502,-199.251129150,-1477.201538086, 0.128818572,,,,,,,,,,,,,,
65, 0.412102342, 0.754725099, 0.510452390, 0.699477613,-0.621066153, 0.353564531, 0.583868742, 0.211345255,-0.783856153,-20.517127991, 2.572567940,63.937522888, 0.296273112,-0.622592092, 0.777487218, 0.088841155, 0.773845613, 0.628571630,-0.077849984,-0.116370402, 0.020280553,-0.992998838,136.129943848,-199.250869751,-1477.201782227, 0.128875539,,,,,,,,,,,,,,
66, 0.411546856, 0.755219281, 0.510169685, 0.699684739,-0.620509267, 0.354132146, 0.584012389, 0.211215958,-0.783784032,-20.518592834, 2.532899380,63.979763031, 0.296389073,-0.622623146, 0.777441800, 0.089020237, 0.773815036, 0.628621459,-0.077751517,-0.116407320, 0.020475307,-0.992990434,136.130859375,-199.249923706,-1477.199707031, 0.129660234,,,,,,,,,,,,,,
67, 0.411472887, 0.755787790, 0.509386778, 0.699976206,-0.619990230, 0.354465008, 0.583715141, 0.210705891,-0.784142613,-20.490045547, 2.514953613,64.027519226, 0.296147287,-0.622624278, 0.777405858, 0.089326195, 0.773753464, 0.628663898,-0.078021310,-0.116810374, 0.020538488,-0.992941856,136.130294800,-199.249359131,-1477.199340820, 0.128977314,,,,,,,,,,,,,,
68, 0.410799146, 0.756364942, 0.509073794, 0.700764060,-0.619134188, 0.354404688, 0.583244264, 0.211151466,-0.784373164,-20.518568039, 2.516258240,64.040061951, 0.296020150,-0.622685015, 0.777412832, 0.088840544, 0.773774445, 0.628663421,-0.077816337,-0.116346218, 0.020287475,-0.993001521,136.130493164,-199.249343872,-1477.201171875, 0.128429458,,,,,,,,,,,,,,
69, 0.410459340, 0.757260144, 0.508015990, 0.701599717,-0.618121922, 0.354518175, 0.582478285, 0.210908577,-0.785007417,-20.523132324, 2.509714603,64.057624817, 0.295334637,-0.622632146, 0.777471125, 0.088700905, 0.773830473, 0.628594518,-0.077816375,-0.116256885, 0.020188490,-0.993014038,136.127807617,-199.249237061,-1477.202026367, 0.129112870,,,,,,,,,,,,,,
70, 0.409695029, 0.758579016, 0.506663501, 0.701912820,-0.616892040, 0.356037378, 0.582639158, 0.209766880,-0.785193920,-20.507205963, 2.471001387,64.124664307, 0.294484228,-0.622610033, 0.777457058, 0.088979088, 0.773807466, 0.628607452,-0.077940188,-0.116528071, 0.020326341,-0.992979407,136.126052856,-199.248733521,-1477.200195313, 0.129208788,,,,,,,,,,,,,,
71, 0.408305407, 0.760253131, 0.505273998, 0.701903224,-0.615361273, 0.358695447, 0.583625436, 0.208196163,-0.784879446,-20.541282654, 2.421864748,64.243003845, 0.295571834,-0.622641623, 0.777451038, 0.088810176, 0.773813486, 0.628616452,-0.077807352,-0.116318956, 0.020276414,-0.993004918,136.124328613,-199.248352051,-1477.198120117, 0.129015490,,,,,,,,,,,,,,
72, 0.408448339, 0.761734962, 0.502921283, 0.702750921,-0.614040673, 0.359298289, 0.582504153, 0.206673622,-0.786113799,-20.527519226, 2.386544228,64.373176575, 0.296269029,-0.622618794, 0.777447879, 0.088997744, 0.773778319, 0.628621876,-0.078113057,-0.116674766, 0.020229872,-0.992964149,136.122497559,-199.249374390,-1477.198974609, 0.128927603,,,,,,,,,,,,,,
73, 0.407867014, 0.763032734, 0.501423538, 0.702913463,-0.612905145, 0.360915333, 0.582715273, 0.205251887,-0.786329806,-20.521924973, 2.334960461,64.511138916, 0.295280367,-0.622630417, 0.777418315, 0.089175120, 0.773785174, 0.628648400,-0.077831067,-0.116567090, 0.020542393,-0.992970347,136.122802734,-199.249710083,-1477.200073242, 0.128440067,,,,,,,,,,,,,,
74, 0.407775253, 0.763936520, 0.500120401, 0.703658640,-0.611968100, 0.361053467, 0.581879616, 0.204685330,-0.787095904,-20.497669220, 2.322245121,64.633377075, 0.297828287,-0.622590244, 0.777467608, 0.089025371, 0.773817658, 0.628593445,-0.077951983,-0.116565906, 0.020357262,-0.992974281,136.122131348,-199.248641968,-1477.202148438, 0.127698675,,,,,,,,,,,,,,
75, 0.407457471, 0.764490306, 0.499532819, 0.704711378,-0.611116469, 0.360442221, 0.580827296, 0.205161572,-0.787748933,-20.460466385, 2.322719336,64.694129944, 0.296818465,-0.622537434, 0.777505100, 0.089066975, 0.773843408, 0.628548026,-0.078061953,-0.116676435, 0.020327404,-0.992961943,136.122253418,-199.248626709,-1477.202392578, 0.128774360,,,,,,,,,,,,,,
76, 0.406397313, 0.765233636, 0.499258190, 0.705594122,-0.609996736, 0.360611916, 0.580498219, 0.205721930,-0.787845314,-20.439783096, 2.307070017,64.763076782, 0.296100885,-0.622650921, 0.777423561, 0.088985771, 0.773776352, 0.628648520,-0.077918351,-0.116516329, 0.020339152,-0.992980540,136.124496460,-199.248870850,-1477.206054688, 0.128261119,,,,,,,,,,,,,,
77, 0.405348510, 0.765887141, 0.499108613, 0.706371725,-0.608979404, 0.360808879, 0.580285788, 0.206302896,-0.787849963,-20.407444000, 2.282657623,64.824142456, 0.296483248,-0.622687936, 0.777387083, 0.089045011, 0.773743749, 0.628691733,-0.077892646,-0.116534606, 0.020395217,-0.992977202,136.124145508,-199.248657227,-1477.208740234, 0.128177062,,,,,,,,,,,,,,
78, 0.404964298, 0.766540349, 0.498417348, 0.706580698,-0.608333528, 0.361488611, 0.580299556, 0.205782115,-0.787976027,-20.363538742, 2.263343096,64.985580444, 0.294837177,-0.622603297, 0.777443767, 0.089141980, 0.773789644, 0.628621161,-0.078006543,-0.116682239, 0.020410012,-0.992959559,136.124664307,-199.248397827,-1477.203369141, 0.129039705,,,,,,,,,,,,,,
79, 0.405436754, 0.766888082, 0.497497469, 0.706286430,-0.608306289, 0.362109095, 0.580327988, 0.204563349,-0.788272321,-20.319326401, 2.246113062,65.178955078, 0.296041876,-0.622589529, 0.777440727, 0.089264140, 0.773812652, 0.628617585,-0.077806406,-0.116602890, 0.020632267,-0.992964268,136.126068115,-199.249328613,-1477.203369141, 0.128331587,,,,,,,,,,,,,,
80, 0.406611502, 0.766775012, 0.496712387, 0.705545783,-0.608949423, 0.362471700, 0.580406964, 0.203068182,-0.788600683,-20.220075607, 2.284628153,65.393257141, 0.293683022,-0.622636855, 0.777388513, 0.089389175, 0.773762226, 0.628679395,-0.077808671,-0.116684705, 0.020719424,-0.992952883,136.128814697,-199.250839233,-1477.205322266, 0.127992764,,,,,,,,,,,,,,
81, 0.406882346, 0.766730428, 0.496559352, 0.707277894,-0.608441412, 0.359940261, 0.578104436, 0.204752132,-0.789855599,-20.132474899, 2.328658819,65.444969177, 0.295506656,-0.622648716, 0.777436197, 0.088890463, 0.773799658, 0.628633022,-0.077810951,-0.116372533, 0.020334525,-0.992997408,136.128890991,-199.251296997,-1477.203979492, 0.128300324,,,,,,,,,,,,,,
82, 0.408661753, 0.765864849, 0.496433824, 0.707436919,-0.609467089, 0.357886583, 0.576652884, 0.204941064,-0.790866971,-19.913997650, 2.407006979,65.528602600, 0.296730667,-0.622592926, 0.777463973, 0.089037888, 0.773811162, 0.628598154,-0.077978171,-0.116594277, 0.020349855,-0.992971122,136.126388550,-199.251525879,-1477.202270508, 0.128144845,,,,,,,,,,,,,,
83, 0.406949580, 0.766507387, 0.496848494, 0.708301306,-0.608255863, 0.358237356, 0.576802611, 0.206133917,-0.790447712,-19.836675644, 2.418885708,65.556632996, 0.292701781,-0.622607231, 0.777434170, 0.089198567, 0.773808181, 0.628626943,-0.077776171,-0.116538472, 0.020598572,-0.992972553,136.125747681,-199.249938965,-1477.204223633, 0.128151327,,,,,,,,,,,,,,
84, 0.404916018, 0.767227530, 0.497398138, 0.709093630,-0.606926978, 0.358923137, 0.577260077, 0.207368121,-0.789790630,-19.757984161, 2.420153856,65.554397583, 0.294812739,-0.622631133, 0.777410388, 0.089238837, 0.773770630, 0.628657997,-0.077898182,-0.116659559, 0.020548560,-0.992959440,136.122589111,-199.246902466,-1477.203613281, 0.127534926,,,,,,,,,,,,,,
85, 0.405004054, 0.767226815, 0.497327536, 0.709374487,-0.606849313, 0.358499199, 0.576853096, 0.207597852,-0.790027559,-19.624410629, 2.450409651,65.614921570, 0.294105321,-0.622614980, 0.777410626, 0.089349762, 0.773774683, 0.628654599,-0.077885643,-0.116719261, 0.020643819,-0.992950380,136.121154785,-199.245635986,-1477.203247070, 0.128074661,,,,,,,,,,,,,,
86, 0.407794029, 0.765931785, 0.497043878, 0.709632456,-0.608408570, 0.355332047, 0.574565828, 0.207816169,-0.791635394,-19.439456940, 2.547538757,65.676422119, 0.297310263,-0.622556210, 0.777482152, 0.089136295, 0.773838758, 0.628571749,-0.077917427,-0.116607971, 0.020469140,-0.992967010,136.118560791,-199.249053955,-1477.200439453, 0.128246322,,,,,,,,,,,,,,
87, 0.408502549, 0.765271425, 0.497479022, 0.709792852,-0.609004617, 0.353988111, 0.573863983, 0.208501995,-0.791964114,-19.278568268, 2.628474712,65.702201843, 0.293408036,-0.622503161, 0.777504802, 0.089309134, 0.773855269, 0.628540993,-0.078001633,-0.116781093, 0.020556077,-0.992944956,136.116439819,-199.249496460,-1477.200561523, 0.128729463,,,,,,,,,,,,,,
88, 0.405923903, 0.765978456, 0.498500496, 0.710369885,-0.607622147, 0.355204016, 0.574978590, 0.209933951,-0.790776432,-19.214086533, 2.611358166,65.704055786, 0.293744206,-0.622530878, 0.777457416, 0.089528166, 0.773836672, 0.628589809,-0.077792324,-0.116756707, 0.020852057,-0.992941618,136.117126465,-199.247909546,-1477.204956055, 0.127672628,,,,,,,,,,,,,,
89, 0.406876206, 0.765499473, 0.498459995, 0.710216463,-0.608266652, 0.354406834, 0.574494839, 0.209814787,-0.791159570,-19.013591766, 2.681666613,65.748771667, 0.296892315,-0.622518957, 0.777459085, 0.089596368, 0.773801565, 0.628592789,-0.078116938,-0.117052354, 0.020700531,-0.992909968,136.118194580,-199.251525879,-1477.206176758, 0.128664270,,,,,,,,,,,,,,
90, 0.410269380, 0.764415205, 0.497341335, 0.708406985,-0.610570669, 0.354066283, 0.574315727, 0.207057551,-0.792015553,-18.810682297, 2.852653503,65.945526123, 0.296020269,-0.622570157, 0.777452707, 0.089294985, 0.773792326, 0.628607750,-0.078087404,-0.116840795, 0.020480886,-0.992939413,136.123077393,-199.254714966,-1477.203002930, 0.129014894,,,,,,,,,,,,,,
91, 0.412180603, 0.764819980, 0.495133787, 0.707832217,-0.610976636, 0.354515284, 0.573655605, 0.204347327,-0.793196976,-18.703994751, 2.960543394,66.106086731, 0.295301914,-0.622516870, 0.777443767, 0.089743376, 0.773761213, 0.628612876,-0.078354165,-0.117329806, 0.020663157,-0.992878020,136.124298096,-199.253540039,-1477.205444336, 0.127953082,,,,,,,,,,,,,,
92, 0.412361205, 0.765164554, 0.494450659, 0.707288802,-0.610968351, 0.355612487, 0.574195743, 0.203078613,-0.793131948,-18.626331329, 3.073972940,66.229309082, 0.295104980,-0.622484744, 0.777502358, 0.089458533, 0.773841441, 0.628542662,-0.078125298,-0.116971113, 0.020594912,-0.992921770,136.125701904,-199.249618530,-1477.210449219, 0.129025578,,,,,,,,,,,,,,
93, 0.410347581, 0.766828775, 0.493546814, 0.708290279,-0.608899951, 0.357163310, 0.574403763, 0.203013301,-0.792998016,-18.560298920, 3.074375868,66.309349060, 0.294851661,-0.622536242, 0.777456641, 0.089497872, 0.773794353, 0.628598869,-0.078139819,-0.117008574, 0.020608077,-0.992917120,136.127685547,-199.248565674,-1477.211425781, 0.128730759,,,,,,,,,,,,,,
94, 0.407858163, 0.768207073, 0.493466884, 0.709430575,-0.606857955, 0.358373582, 0.574769437, 0.203914925,-0.792501569,-18.512683868, 3.060908794,66.330329895, 0.295383781,-0.622529626, 0.777463675, 0.089482225, 0.773809552, 0.628588974,-0.078067996,-0.116942570, 0.020642564,-0.992924154,136.125259399,-199.245849609,-1477.210205078, 0.128443792,,,,,,,,,,,,,,
95, 0.406019777, 0.769274116, 0.493320584, 0.710936010,-0.605071366, 0.358411282, 0.574210703, 0.205197304,-0.792575657,-18.490598679, 3.067744970,66.329368591, 0.295039624,-0.622515857, 0.777480721, 0.089429766, 0.773803771, 0.628573000,-0.078254342,-0.117054380, 0.020486522,-0.992914200,136.126556396,-199.242797852,-1477.211425781, 0.128469005,,,,,,,,,,,,,,
96, 0.404756278, 0.769853771, 0.493454635, 0.711802602,-0.604010940, 0.358479828, 0.574029088, 0.206145346,-0.792461157,-18.500545502, 3.064644814,66.350509644, 0.296323806,-0.622534871, 0.777483821, 0.089270107, 0.773814142, 0.628571332,-0.078164600,-0.116884351, 0.020418283,-0.992935598,136.125701904,-199.244171143,-1477.215209961, 0.129359812,,,,,,,,,,,,,,
97, 0.404484034, 0.770144463, 0.493224233, 0.712786138,-0.603374660, 0.357596159, 0.572999716, 0.206921443,-0.793003678,-18.506422043, 3.072753668,66.354530334, 0.296692699,-0.622562945, 0.777477384, 0.089130774, 0.773812056, 0.628581643,-0.078102283,-0.116748728, 0.020346880,-0.992953062,136.122650146,-199.247055054,-1477.212646484, 0.129654557,,,,,,,,,,,,,,
98, 0.404685736, 0.770415246, 0.492635638, 0.713352084,-0.603026748, 0.357053995, 0.572152257, 0.206928000,-0.793613613,-18.494682312, 3.051856756,66.348892212, 0.296169966,-0.622561991, 0.777443826, 0.089429885, 0.773776829, 0.628617048,-0.078166232,-0.116987005, 0.020535452,-0.992921114,136.121887207,-199.248229980,-1477.209350586, 0.128762200,,,,,,,,,,,,,,
99, 0.405524075, 0.770600021, 0.491656154, 0.713745415,-0.602970243, 0.356362641, 0.571067095, 0.206403717,-0.794531226,-18.488847733, 3.048381567,66.350959778, 0.297670245,-0.622561693, 0.777434051, 0.089516588, 0.773767769, 0.628627181,-0.078174852,-0.117048346, 0.020596379,-0.992912650,136.119079590,-199.247085571,-1477.208618164, 0.129418895,,,,,,,,,,,,,,
100, 0.406353951, 0.770655692, 0.490883082, 0.714112937,-0.603014350, 0.355550766, 0.570016801, 0.206066504,-0.795372486,-18.533332825, 3.044915438,66.340950012, 0.297180563,-0.622633755, 0.777418017, 0.089153513, 0.773801446, 0.628646255,-0.077686250,-0.116440713, 0.020617038,-0.992983639,136.117767334,-199.249252319,-1477.209716797, 0.128866613,,,,,,,,,,,,,,
101, 0.407796115, 0.770383120, 0.490114540, 0.714029729,-0.603618920, 0.354691058, 0.569090366, 0.205314726,-0.796229899,-18.533075333, 3.025030851,66.319458008, 0.296774954,-0.622569740, 0.777436137, 0.089442067, 0.773859441, 0.628610194,-0.077400133,-0.116397858, 0.021028608,-0.992980063,136.116546631,-199.251098633,-1477.207885742, 0.129702777,,,,,,,,,,,,,,
102, 0.410186887, 0.770385563, 0.488111436, 0.714265108,-0.604155302, 0.353301227, 0.567073286, 0.203721404,-0.798076093,-18.541580200, 3.029736519,66.367370605, 0.296191037,-0.622558653, 0.777459204, 0.089318745, 0.773852885, 0.628589690,-0.077632137,-0.116500661, 0.020789003,-0.992972970,136.116699219,-199.249450684,-1477.207641602, 0.130086675,,,,,,,,,,,,,,
103, 0.412165195, 0.770149529, 0.486815780, 0.714502513,-0.604754448, 0.351792783, 0.565337062, 0.202834368,-0.799532473,-18.533531189, 3.065466642,66.351196289, 0.296947211,-0.622620583, 0.777449071, 0.088974819, 0.773777544, 0.628621280,-0.078125268,-0.116669886, 0.020204315,-0.992965221,136.118896484,-199.249343872,-1477.207641602, 0.129449353,,,,,,,,,,,,,,
104, 0.414232522, 0.769799650, 0.485612988, 0.714432359,-0.605567276, 0.350534976, 0.563912988, 0.201734662,-0.800815403,-18.566427231, 3.022720575,66.321296692, 0.296379536,-0.622660995, 0.777391315, 0.089196689, 0.773808479, 0.628672481,-0.077404067,-0.116248757, 0.020824661,-0.993001819,136.120941162,-199.251922607,-1477.205078125, 0.130350217,,,,,,,,,,,,,,
105, 0.416946858, 0.769452929, 0.483836234, 0.714664817,-0.606433570, 0.348557651, 0.561613262, 0.200450718,-0.802751541,-18.569343567, 3.028678179,66.322807312, 0.297910154,-0.622641087, 0.777412951, 0.089146756, 0.773819983, 0.628648520,-0.077483140,-0.116278373, 0.020739358,-0.993000090,136.124084473,-199.253082275,-1477.204101563, 0.129707634,,,,,,,,,,,,,,
106, 0.419142336, 0.769213736, 0.482317239, 0.714476526,-0.607236087, 0.347545028, 0.560216844, 0.198933512,-0.804103553,-18.603563309, 3.012798309,66.360404968, 0.298033267,-0.622610092, 0.777452409, 0.089018948, 0.773881257, 0.628598452,-0.077277012,-0.116036378, 0.020776646,-0.993027627,136.126098633,-199.251388550,-1477.204467773, 0.129436597,,,,,,,,,,,,,,
107, 0.420981646, 0.769015610, 0.481029630, 0.714846492,-0.607717514, 0.345939249, 0.558362782, 0.198228255,-0.805565953,-18.572002411, 3.038100719,66.343971252, 0.297710121,-0.622563303, 0.777484536, 0.089066423, 0.773853302, 0.628568292,-0.077801205,-0.116473556, 0.020488167,-0.992982447,136.127380371,-199.252456665,-1477.205444336, 0.129763126,,,,,,,,,,,,,,
108, 0.422316313, 0.769122422, 0.479686975, 0.715321064,-0.607812822, 0.344788790, 0.556744695, 0.197520256,-0.806858778,-18.563381195, 3.027713299,66.353668213, 0.298120469,-0.622590065, 0.777441859, 0.089251623, 0.773809850, 0.628617346,-0.077837594,-0.116619311, 0.020602871,-0.992963016,136.126998901,-199.254013062,-1477.206665039, 0.129185662,,,,,,,,,,,,,,
