Number of frames: 3831
Frequency: 100
Units: mm

Frame,Digitizing Probe R00,Digitizing Probe R01,Digitizing Probe R02,Digitizing Probe R10,Digitizing Probe R11,Digitizing Probe R12,Digitizing Probe R20,Digitizing Probe R21,Digitizing Probe R22,Digitizing Probe x,Digitizing Probe y,Digitizing Probe z,Digitizing Probe Error,HumMarker R00,HumMarker R01,HumMarker R02,HumMarker R10,HumMarker R11,HumMarker R12,HumMarker R20,HumMarker R21,HumMarker R22,HumMarker x,HumMarker y,HumMarker z,HumMarker Error,StemMarker R00,StemMarker R01,StemMarker R02,StemMarker R10,StemMarker R11,StemMarker R12,StemMarker R20,StemMarker R21,StemMarker R22,StemMarker x,StemMarker y,StemMarker z,StemMarker Error
1, 0.653297186, 0.647447646, 0.392446548, 0.702009678,-0.712140024, 0.006249088, 0.283522844, 0.271418750,-0.919753551,20.816385269,35.966831207,73.331184387, 0.309429169,-0.687916756, 0.723139286, 0.061969098, 0.724082232, 0.689645410,-0.009705497,-0.049755130, 0.038194146,-0.998030901,169.644729614,-121.752769470,-1532.979003906, 0.133060560, 0.894621432, 0.398994684,-0.201136038,-0.316850305, 0.883875728, 0.344048828, 0.315052897,-0.244063452, 0.917155743,75.993904114,125.073600769,47.902854919, 0.094517380,
2, 0.653457105, 0.647427619, 0.392213225, 0.702105582,-0.712050617, 0.005622839, 0.282916069, 0.271700829,-0.919857085,20.839786530,35.971912384,73.300788879, 0.309448808,-0.687875926, 0.723168314, 0.062083229, 0.724105239, 0.689618230,-0.009915405,-0.049984235, 0.038134225,-0.998021722,169.646575928,-121.753097534,-1532.980957031, 0.132163227, 0.894648850, 0.398980379,-0.201042712,-0.316762388, 0.883795738, 0.344335169, 0.315063655,-0.244376272, 0.917068779,76.010643005,125.073463440,47.877571106, 0.093596369,
3, 0.653619349, 0.647149205, 0.392402411, 0.702001333,-0.712156832, 0.005173467, 0.282800078, 0.272085518,-0.919779062,20.840562820,35.959289551,73.318313599, 0.309258372,-0.687863946, 0.723167658, 0.062222838, 0.724114776, 0.689609528,-0.009817534,-0.050009191, 0.038303353,-0.998013973,169.645050049,-121.753578186,-1532.979980469, 0.133329779, 0.894581914, 0.398971170,-0.201358363,-0.316877723, 0.883989334, 0.343731433, 0.315137595,-0.243689954, 0.917225957,76.012962341,125.065620422,47.895030975, 0.093366578,
4, 0.653705060, 0.646887541, 0.392690897, 0.702017009,-0.712145984, 0.004497908, 0.282562882, 0.272735387,-0.919659555,20.840847015,35.958480835,73.312858582, 0.308881432,-0.687917650, 0.723114967, 0.062242415, 0.724061310, 0.689665377,-0.009845085,-0.050045565, 0.038294718,-0.998012483,169.644790649,-121.752815247,-1532.980346680, 0.132595718, 0.894683599, 0.398889899,-0.201067567,-0.316895306, 0.884007454, 0.343668759, 0.314831227,-0.243757412, 0.917313278,76.005790710,125.070632935,47.892845154, 0.094220579,
5, 0.653708518, 0.646493971, 0.393332750, 0.701903403,-0.712260008, 0.004147931, 0.282836825, 0.273370087,-0.919386804,20.835536957,35.963123322,73.314392090, 0.309276044,-0.687936962, 0.723100662, 0.062195085, 0.724041581, 0.689685047,-0.009916398,-0.050065573, 0.038209971,-0.998014688,169.642776489,-121.753372192,-1532.983886719, 0.132886901, 0.894711137, 0.398914635,-0.200895831,-0.316835582, 0.883882344, 0.344045401, 0.314813018,-0.244170293, 0.917209744,76.001602173,125.077224731,47.881393433, 0.093244515,
6, 0.654149950, 0.646092415, 0.393258631, 0.701692283,-0.712472260, 0.003333665, 0.282339752, 0.273765862,-0.919421792,20.832557678,35.954586029,73.330932617, 0.309025794,-0.687958837, 0.723073781, 0.062265076, 0.724023104, 0.689706028,-0.009800172,-0.050030846, 0.038339239,-0.998011470,169.641921997,-121.753334045,-1532.985229492, 0.132231697, 0.894651890, 0.398932606,-0.201123729,-0.316840559, 0.883934021, 0.343908072, 0.314976245,-0.243953854, 0.917211235,75.996154785,125.074142456,47.898921967, 0.093403384,
7, 0.653990865, 0.645500362, 0.394493610, 0.701595068,-0.712570131, 0.002858190, 0.282949328, 0.274905533,-0.918894291,20.811441422,35.958431244,73.326583862, 0.309133202,-0.688013256, 0.723043859, 0.062010959, 0.723991930, 0.689741254,-0.009630364,-0.049734693, 0.038269613,-0.998028994,169.642654419,-121.753921509,-1532.981811523, 0.133260489, 0.894499898, 0.398928821,-0.201806322,-0.316702545, 0.884034395, 0.343777150, 0.315546334,-0.243596047, 0.917110443,75.976776123,125.080619812,47.915695190, 0.092877649,
8, 0.653963029, 0.644915223, 0.395495534, 0.701371193,-0.712791562, 0.002577179, 0.283567935, 0.275703788,-0.918464243,20.850160599,35.962455750,73.304100037, 0.308954090,-0.687926173, 0.723109007, 0.062217169, 0.724049568, 0.689676285,-0.009940953,-0.050098099, 0.038209669,-0.998013079,169.641616821,-121.755226135,-1532.984130859, 0.133274958, 0.894526541, 0.398969144,-0.201608181,-0.316754907, 0.883970916, 0.343892038, 0.315418094,-0.243760169, 0.917110860,76.004562378,125.076995850,47.877426147, 0.092033945,
9, 0.653643012, 0.644327402, 0.396979719, 0.701224148,-0.712936223, 0.002554500, 0.284667194, 0.276702046,-0.917823792,20.837049484,35.963550568,73.295730591, 0.308208287,-0.687921345, 0.723127365, 0.062056266, 0.724066257, 0.689660013,-0.009851902,-0.049921904, 0.038155515,-0.998024046,169.640945435,-121.754844666,-1532.984130859, 0.132397369, 0.894507647, 0.398996472,-0.201638028,-0.316778243, 0.883967280, 0.343879968, 0.315448314,-0.243728712, 0.917108893,75.999504089,125.078300476,47.880680084, 0.092218839,
10, 0.653483629, 0.643844843, 0.398023754, 0.700970471,-0.713184834, 0.002782892, 0.285656273, 0.277184337,-0.917370856,20.829401016,35.953266144,73.308059692, 0.308467448,-0.687911153, 0.723134458, 0.062086754, 0.724085033, 0.689643323,-0.009641951,-0.049790140, 0.038323283,-0.998024166,169.639038086,-121.754379272,-1532.984497070, 0.132870227, 0.894512594, 0.399048954,-0.201512143,-0.316897243, 0.883963168, 0.343780786, 0.315314680,-0.243657589, 0.917173684,75.994132996,125.069877625,47.914268494, 0.092405409,
11, 0.653372288, 0.643485487, 0.398786932, 0.700867832,-0.713286161, 0.002662275, 0.286162347, 0.277757496,-0.917039752,20.844146729,35.964393616,73.312850952, 0.308147430,-0.687861383, 0.723183453, 0.062066894, 0.724121749, 0.689601421,-0.009875588,-0.049943283, 0.038150955,-0.998023093,169.639251709,-121.753021240,-1532.982299805, 0.132118076, 0.894547939, 0.399061948,-0.201329291,-0.316852570, 0.883859694, 0.344087750, 0.315259188,-0.244011298, 0.917098761,76.008316040,125.073310852,47.885498047, 0.093485512,
12, 0.653001726, 0.643054187, 0.400087595, 0.700667977,-0.713480473, 0.003172330, 0.287494659, 0.278257042,-0.916471422,20.838878632,35.966156006,73.317520142, 0.309878170,-0.687933087, 0.723118901, 0.062025264, 0.724061668, 0.689666331,-0.009750633,-0.049827602, 0.038202334,-0.998026967,169.640045166,-121.753051758,-1532.981689453, 0.132097676, 0.894605041, 0.398891747,-0.201413259,-0.316731006, 0.883981049, 0.343888074, 0.315219611,-0.243850172, 0.917155266,75.992874146,125.077774048,47.898303986, 0.092830770,
13, 0.652741730, 0.642638803, 0.401177704, 0.700291097,-0.713845670, 0.004077176, 0.288999140, 0.278279841,-0.915991127,20.826164246,35.936084747,73.320884705, 0.308251351,-0.687980175, 0.723057806, 0.062213726, 0.724029362, 0.689706206,-0.009316103,-0.049645275, 0.038635273,-0.998019338,169.639877319,-121.753738403,-1532.982055664, 0.132692680, 0.894597411, 0.398910850,-0.201408803,-0.316833764, 0.884037793, 0.343647331, 0.315137655,-0.243612915, 0.917246401,75.977897644,125.060127258,47.967071533, 0.093004838,
14, 0.652997911, 0.642607331, 0.400811106, 0.699927032,-0.714198709, 0.004736513, 0.289302468, 0.277445555,-0.916148484,20.833766937,35.941524506,73.334136963, 0.308497638,-0.687940121, 0.723090172, 0.062282301, 0.724052846, 0.689678431,-0.009548223,-0.049858984, 0.038527071,-0.998012960,169.641738892,-121.753318787,-1532.983642578, 0.131513998, 0.894589484, 0.398997843,-0.201271728,-0.316894442, 0.883946717, 0.343825698, 0.315099210,-0.243800983, 0.917209625,75.993034363,125.062088013,47.935909271, 0.093858518,
15, 0.652933240, 0.642519236, 0.401057631, 0.699862242,-0.714261115, 0.004895053, 0.289605021, 0.277488947,-0.916039705,20.850391388,35.960006714,73.283187866, 0.307926178,-0.687966228, 0.723074555, 0.062174428, 0.724027753, 0.689703286,-0.009654122,-0.049862556, 0.038374305,-0.998018622,169.644027710,-121.752120972,-1532.983032227, 0.133607954, 0.894577205, 0.398932129,-0.201456279,-0.316708654, 0.883931339, 0.344036222, 0.315320641,-0.243964046, 0.917090178,75.987098694,125.072189331,47.916587830, 0.092893116,
16, 0.652346492, 0.642941356, 0.401335925, 0.700062513,-0.714056253, 0.006012367, 0.290442020, 0.277038097,-0.915911257,20.812463760,35.950099945,73.328178406, 0.307925463,-0.687956631, 0.723099411, 0.061992031, 0.724062264, 0.689671636,-0.009319454,-0.049493037, 0.038474709,-0.998033106,169.646102905,-121.751670837,-1532.982666016, 0.133172080, 0.894433081, 0.399042845,-0.201876819,-0.316881776, 0.884066224, 0.343529999, 0.315555662,-0.243293509, 0.917187512,75.976051331,125.063468933,47.956161499, 0.092769749,
17, 0.651441157, 0.643676519, 0.401627839, 0.700615644,-0.713503361, 0.007109825, 0.291139275, 0.276755124,-0.915775299,20.852382660,35.934562683,73.347274780, 0.308474362,-0.687942445, 0.723065317, 0.062543511, 0.724040091, 0.689692318,-0.009508676,-0.050011177, 0.038742591,-0.997996926,169.647018433,-121.750923157,-1532.982177734, 0.133163989, 0.894592762, 0.398946315,-0.201359570,-0.317016602, 0.884124815, 0.343254685, 0.314967185,-0.243238822, 0.917404234,75.997009277,125.053283691,47.952075958, 0.092493221,
18, 0.649514556, 0.644392192, 0.403595597, 0.701606750,-0.712513506, 0.008509368, 0.293050706, 0.277638465,-0.914897859,20.843845367,35.946166992,73.352127075, 0.309451759,-0.687925518, 0.723102510, 0.062300101, 0.724071383, 0.689660490,-0.009438247,-0.049790736, 0.038616911,-0.998012900,169.647155762,-121.749588013,-1532.983398438, 0.133211955, 0.894651473, 0.398967892,-0.201055512,-0.316947848, 0.883957207, 0.343749404, 0.314869463,-0.243811801, 0.917285681,75.991165161,125.057670593,47.952232361, 0.093547501,
19, 0.647699594, 0.645445764, 0.404827118, 0.702991128,-0.711140633, 0.009079408, 0.293749273, 0.278709143,-0.914348125,20.858459473,35.958061218,73.312843323, 0.307177424,-0.687902927, 0.723125398, 0.062283780, 0.724075913, 0.689650714,-0.009793627,-0.050036073, 0.038361121,-0.998010457,169.645538330,-121.748992920,-1532.984252930, 0.132863715, 0.894720852, 0.398965836,-0.200750843,-0.316935837, 0.883859515, 0.344011754, 0.314684451,-0.244169340, 0.917254090,76.004631042,125.069267273,47.900524139, 0.093440674,
20, 0.646252632, 0.645863235, 0.406470597, 0.703790486,-0.710340977, 0.009734203, 0.295019656, 0.279779375,-0.913612008,20.851778030,35.974548340,73.296058655, 0.307175189,-0.687927961, 0.723125577, 0.062003668, 0.724068463, 0.689659417,-0.009731273,-0.049798347, 0.038200486,-0.998028457,169.641479492,-121.748939514,-1532.983764648, 0.133013785, 0.894499540, 0.399108946,-0.201451227,-0.316846311, 0.883838654, 0.344147831, 0.315402836,-0.244010985, 0.917049408,75.990760803,125.079307556,47.895927429, 0.092614055,
21, 0.645452082, 0.646323740, 0.407010138, 0.704060435,-0.710054457, 0.011026152, 0.296125829, 0.279442877,-0.913357079,20.825574875,35.946762085,73.345924377, 0.307853758,-0.687975466, 0.723072708, 0.062093634, 0.724040270, 0.689694941,-0.009301874,-0.049551595, 0.038558830,-0.998026967,169.639297485,-121.748329163,-1532.984741211, 0.133901089, 0.894516408, 0.399021447,-0.201549575,-0.316834927, 0.883956850, 0.343854398, 0.315366417,-0.243725464, 0.917137861,75.972976685,125.064392090,47.961025238, 0.093335614,
22, 0.645097852, 0.646274924, 0.407648742, 0.703986347,-0.710116267, 0.011750877, 0.297072291, 0.279398680,-0.913063169,20.829341888,35.946369171,73.326843262, 0.306280673,-0.688011527, 0.723036528, 0.062115349, 0.724008083, 0.689729631,-0.009236860,-0.049521383, 0.038616948,-0.998026192,169.636672974,-121.749336243,-1532.984497070, 0.134248480, 0.894527733, 0.398971677,-0.201598123,-0.316772670, 0.883978844, 0.343855321, 0.315396994,-0.243727326, 0.917126894,75.966331482,125.064544678,47.972431183, 0.093031809,
23, 0.645151615, 0.646321356, 0.407489926, 0.703776062,-0.710313797, 0.012389757, 0.297453493, 0.278788388,-0.913125634,20.853050232,35.951862335,73.306777954, 0.307152927,-0.687922895, 0.723111808, 0.062220875, 0.724073768, 0.689656913,-0.009516992,-0.049792904, 0.038505547,-0.998017013,169.635467529,-121.749496460,-1532.985351563, 0.132883757, 0.894596457, 0.399015248,-0.201206654,-0.316901058, 0.883913040, 0.343906194, 0.315072984,-0.243894637, 0.917193830,75.991973877,125.061706543,47.934581757, 0.092589580,
24, 0.645188868, 0.646389902, 0.407322228, 0.703571796,-0.710503876, 0.013075317, 0.297855794, 0.278144389,-0.913190901,20.861862183,35.946830750,73.308517456, 0.306959003,-0.687905848, 0.723113120, 0.062394179, 0.724076569, 0.689652503,-0.009620541,-0.049987040, 0.038560137,-0.998005211,169.635162354,-121.749206543,-1532.984375000, 0.132731780, 0.894622862, 0.399006337,-0.201106548,-0.316976666, 0.883951724, 0.343737006, 0.314921737,-0.243768916, 0.917279124,76.002273560,125.058464050,47.930912018, 0.092384756,
25, 0.645485997, 0.646328986, 0.406947941, 0.703482747,-0.710597813, 0.012757692, 0.297421992, 0.278045952,-0.913362265,20.831129074,35.983779907,73.327812195, 0.306834191,-0.687975526, 0.723096132, 0.061820142, 0.724039614, 0.689691901,-0.009576394,-0.049561504, 0.038171906,-0.998041332,169.637023926,-121.750122070,-1532.986206055, 0.132985979, 0.894490957, 0.398994237,-0.201716140,-0.316679180, 0.883916438, 0.344101697, 0.315594822,-0.243916586, 0.917008519,75.974708557,125.083061218,47.916107178, 0.093071096,
26, 0.645820141, 0.646569073, 0.406035513, 0.703374863,-0.710700929, 0.012963365, 0.296951503, 0.277223170,-0.913765371,20.878726959,35.970417023,73.332397461, 0.307277352,-0.687882066, 0.723137438, 0.062375065, 0.724082649, 0.689641178,-0.009970707,-0.050226603, 0.038306031,-0.998003006,169.640930176,-121.749855042,-1532.990478516, 0.132973701, 0.894710720, 0.398887694,-0.200950950,-0.316777378, 0.883883834, 0.344095111, 0.314872593,-0.244208872, 0.917178988,76.016609192,125.069290161,47.875503540, 0.092797332,
27, 0.645703077, 0.646303356, 0.406644136, 0.703268528,-0.710805178, 0.013016596, 0.297457427, 0.277575165,-0.913493931,20.867168427,35.977798462,73.318153381, 0.308005512,-0.687922835, 0.723115683, 0.062176336, 0.724055111, 0.689670622,-0.009933024,-0.050063916, 0.038185939,-0.998015761,169.643661499,-121.749298096,-1532.989868164, 0.133016557, 0.894604445, 0.399057269,-0.201087266,-0.316860318, 0.883798778, 0.344237089, 0.315091014,-0.244239464, 0.917095780,76.003860474,125.077392578,47.871932983, 0.091436699,
28, 0.645888269, 0.645742655, 0.407240450, 0.702710092,-0.711349249, 0.013447522, 0.298373818, 0.277486354,-0.913222015,20.825527191,35.965564728,73.340370178, 0.307787746,-0.687941730, 0.723116875, 0.061953098, 0.724070072, 0.689661205,-0.009485095,-0.049585477, 0.038333189,-0.998034000,169.645614624,-121.749778748,-1532.987304688, 0.132129714, 0.894377589, 0.399136096,-0.201938510,-0.316837400, 0.883946180, 0.343879700, 0.315757573,-0.243576601, 0.917042851,75.982192993,125.071250916,47.928791046, 0.091531642,
29, 0.646472871, 0.645091593, 0.407344639, 0.701884627,-0.712155282, 0.013885043, 0.299049765, 0.276932627,-0.913168967,20.848098755,35.952838898,73.336936951, 0.308110058,-0.687927544, 0.723102629, 0.062274911, 0.724070430, 0.689661384,-0.009441327,-0.049775653, 0.038596474,-0.998014390,169.647369385,-121.749763489,-1532.986572266, 0.131301597, 0.894538522, 0.398969769,-0.201553702,-0.316858351, 0.884033978, 0.343634576, 0.315280139,-0.243530408, 0.917219400,75.990417480,125.059730530,47.949497223, 0.093169801,
30, 0.646439314, 0.644738138, 0.407956958, 0.701578617,-0.712449431, 0.014254966, 0.299839467, 0.276998907,-0.912889838,20.849027634,35.967842102,73.347061157, 0.307708740,-0.687905729, 0.723134041, 0.062152144, 0.724084795, 0.689642906,-0.009688916,-0.049869169, 0.038338359,-0.998019636,169.648757935,-121.748939514,-1532.985961914, 0.132964745, 0.894628584, 0.399003357,-0.201086760,-0.316902667, 0.883891821, 0.343959063, 0.314979792,-0.243990690, 0.917200208,75.997314453,125.069992065,47.910270691, 0.093610279,
31, 0.646272123, 0.644640148, 0.408376634, 0.701716542,-0.712320030, 0.013933854, 0.299877167, 0.277559578,-0.912707150,20.851549149,35.975048065,73.335823059, 0.308297873,-0.687904954, 0.723141491, 0.062073998, 0.724083245, 0.689642847,-0.009809323,-0.049902417, 0.038198862,-0.998023331,169.647232056,-121.748741150,-1532.985107422, 0.133165151, 0.894715428, 0.398938924,-0.200828433,-0.316884100, 0.883872688, 0.344025582, 0.314751953,-0.244165659, 0.917231917,75.998878479,125.077331543,47.889045715, 0.093217812,
32, 0.646100760, 0.644931674, 0.408187330, 0.701936781,-0.712100685, 0.014048474, 0.299730808, 0.277444988,-0.912790120,20.882192612,35.981884003,73.339553833, 0.307094127,-0.687858701, 0.723165452, 0.062306602, 0.724101663, 0.689619303,-0.010099385,-0.050271362, 0.038169365,-0.998005927,169.644165039,-121.747734070,-1532.984863281, 0.133277729, 0.894782066, 0.398807079,-0.200793475,-0.316695273, 0.883863449, 0.344223082, 0.314752609,-0.244414300, 0.917165458,76.019866943,125.076568604,47.859367371, 0.093807064,
33, 0.645503938, 0.645316899, 0.408522636, 0.702248573,-0.711779356, 0.014733692, 0.300285876, 0.277373761,-0.912629247,20.901906967,35.966609955,73.341804504, 0.308337957,-0.687888801, 0.723109007, 0.062629104, 0.724056959, 0.689666152,-0.010108824,-0.050502952, 0.038393293,-0.997985721,169.641098022,-121.747703552,-1532.987426758, 0.133410946, 0.894768417, 0.398739189,-0.200988635,-0.316667795, 0.883976400, 0.343958169, 0.314818829,-0.244116291, 0.917222023,76.023452759,125.069755554,47.871265411, 0.092872947,
34, 0.645419478, 0.645450652, 0.408444941, 0.702559650,-0.711484075, 0.014156535, 0.299739391, 0.277819991,-0.912673175,20.873405457,35.963745117,73.337860107, 0.307802111,-0.687939048, 0.723084033, 0.062363915, 0.724037945, 0.689690709,-0.009785962,-0.050087884, 0.038421698,-0.998005509,169.637283325,-121.747612000,-1532.990600586, 0.133320689, 0.894658446, 0.398795575,-0.201366052,-0.316717684, 0.884064257, 0.343686283, 0.315081120,-0.243705645, 0.917241156,75.999504089,125.070083618,47.901382446, 0.092704132,
35, 0.645189464, 0.645423949, 0.408850163, 0.702520490,-0.711513698, 0.014599947, 0.300325662, 0.277805895,-0.912484765,20.864841461,35.950878143,73.353157043, 0.306856811,-0.687906623, 0.723110735, 0.062412702, 0.724074960, 0.689654171,-0.009619509,-0.049999151, 0.038574152,-0.998004079,169.634887695,-121.747100830,-1532.988281250, 0.133921891, 0.894571960, 0.398949385,-0.201445594,-0.316907287, 0.884062469, 0.343516111, 0.315136045,-0.243460327, 0.917287469,76.001174927,125.058906555,47.927116394, 0.091754407,
36, 0.644824922, 0.645485520, 0.409327745, 0.702469468,-0.711546183, 0.015447052, 0.301226467, 0.277579606,-0.912256598,20.888084412,35.960735321,73.350135803, 0.308368027,-0.687874377, 0.723129869, 0.062546633, 0.724078000, 0.689644992,-0.010044252,-0.050398272, 0.038379457,-0.997991562,169.632369995,-121.748886108,-1532.986206055, 0.134512767, 0.894789219, 0.398824066,-0.200727582,-0.316968739, 0.884036899, 0.343525171, 0.314456701,-0.243758261, 0.917441487,76.022010803,125.068664551,47.876644135, 0.092825972,
37, 0.644154191, 0.645118654, 0.410959035, 0.702394426,-0.711605668, 0.016108161, 0.302832454, 0.278279185,-0.911511481,20.867433548,35.984924316,73.341972351, 0.309096456,-0.687897801, 0.723149776, 0.062056601, 0.724085152, 0.689639211,-0.009923959,-0.049973175, 0.038107593,-0.998023272,169.633880615,-121.748558044,-1532.986206055, 0.133768424, 0.894677460, 0.398861349,-0.201151103,-0.316848099, 0.884027660, 0.343660116, 0.314895898,-0.243730620, 0.917298138,76.004348755,125.079803467,47.873092651, 0.093108118,
38, 0.643980265, 0.645043075, 0.411350012, 0.702338338,-0.711653769, 0.016422331, 0.303331912, 0.278331250,-0.911329508,20.876192093,35.943347931,73.351615906, 0.308180362,-0.687944174, 0.723064005, 0.062539920, 0.724032581, 0.689698517,-0.009628588,-0.050095778, 0.038657010,-0.997996032,169.636428833,-121.747055054,-1532.987060547, 0.133181483, 0.894627333, 0.398866653,-0.201363638,-0.316854507, 0.884089828, 0.343494326, 0.315031976,-0.243496433, 0.917313635,75.998489380,125.058845520,47.932476044, 0.091679864,
39, 0.643641353, 0.644763768, 0.412317216, 0.702516377,-0.711488962, 0.015943229, 0.303638756, 0.279397905,-0.910900831,20.894117355,35.962745667,73.355949402, 0.307727873,-0.687903464, 0.723113775, 0.062412031, 0.724065781, 0.689660370,-0.009863401,-0.050175469, 0.038405348,-0.998001754,169.639251709,-121.747093201,-1532.988769531, 0.133175790, 0.894588590, 0.398963869,-0.201343238,-0.316811085, 0.883941531, 0.343915910, 0.315185666,-0.243875489, 0.917160213,76.007797241,125.070266724,47.895149231, 0.091591053,
40, 0.643132567, 0.644233704, 0.413936496, 0.702694714,-0.711326838, 0.015303866, 0.304303408, 0.281028599,-0.910177112,20.892425537,35.948753357,73.356246948, 0.307123750,-0.687875926, 0.723138809, 0.062425137, 0.724094868, 0.689630806,-0.009792944,-0.050131958, 0.038465392,-0.998001575,169.644241333,-121.746826172,-1532.991088867, 0.132666677, 0.894662261, 0.398953557,-0.201036081,-0.317035675, 0.884035468, 0.343467116, 0.314750463,-0.243551463, 0.917395651,76.011901855,125.063400269,47.901844025, 0.092628390,
41, 0.643581629, 0.643562973, 0.414281845, 0.702451468,-0.711590648, 0.014165505, 0.303915471, 0.281896234,-0.910038412,20.889297485,35.948932648,73.391433716, 0.308928519,-0.687867343, 0.723151147, 0.062378317, 0.724102080, 0.689622402,-0.009860353,-0.050148007, 0.038385652,-0.998003900,169.646820068,-121.746665955,-1532.990966797, 0.132371277, 0.894695818, 0.398936003,-0.200921759,-0.317052603, 0.884034336, 0.343454570, 0.314638108,-0.243584573, 0.917425454,76.014312744,125.066398621,47.891117096, 0.094427340,
42, 0.644430518, 0.642575860, 0.414494336, 0.702000260,-0.712067544, 0.012465976, 0.303158313, 0.282941669,-0.909966528,20.917606354,35.983150482,73.352432251, 0.307173938,-0.687880218, 0.723151743, 0.062227979, 0.724067271, 0.689650238,-0.010449946,-0.050472438, 0.037868928,-0.998007238,169.648330688,-121.747077942,-1532.987426758, 0.133615404, 0.894754350, 0.398836285,-0.200858817,-0.316600859, 0.883776844, 0.344532013, 0.314926267,-0.244679451, 0.917035162,76.024429321,125.094604492,47.805946350, 0.092222996,
43, 0.645999610, 0.641161859, 0.414241374, 0.700860023,-0.713214934, 0.010937838, 0.302456081, 0.283259392,-0.910101295,20.888666153,35.937316895,73.366455078, 0.308594853,-0.687934756, 0.723089337, 0.062350385, 0.724040329, 0.689687490,-0.009833982,-0.050113130, 0.038379055,-0.998005867,169.648544312,-121.749038696,-1532.990600586, 0.132658571, 0.894722223, 0.398912519,-0.200850770,-0.316805780, 0.883848131, 0.344160676, 0.314811587,-0.244297504, 0.917176306,76.001792908,125.073181152,47.893180847, 0.091522299,
44, 0.648246646, 0.639957488, 0.412590265, 0.699928343,-0.714168012, 0.008024871, 0.299794346, 0.283581525,-0.910881341,20.902311325,35.928661346,73.374588013, 0.308765739,-0.687953711, 0.723057747, 0.062508129, 0.724011183, 0.689717114,-0.009905185,-0.050274950, 0.038442276,-0.997995317,169.645401001,-121.750511169,-1532.991333008, 0.132682458, 0.894792020, 0.398820609,-0.200722069,-0.316837817, 0.883937657, 0.343901247, 0.314580679,-0.244123757, 0.917301834,76.005622864,125.072807312,47.887058258, 0.093244597,
45, 0.649102449, 0.639243722, 0.412351072, 0.699717164,-0.714394569, 0.006024439, 0.298432469, 0.284618616,-0.911005080,20.901884079,35.889915466,73.399726868, 0.308574885,-0.687958539, 0.723054707, 0.062489029, 0.724003792, 0.689723790,-0.009976805,-0.050313950, 0.038378667,-0.997995794,169.641937256,-121.751564026,-1532.989624023, 0.133461311, 0.894760966, 0.398816317,-0.200868919,-0.316687495, 0.883869529, 0.344214499, 0.314820290,-0.244377032, 0.917152107,76.005294800,125.076889038,47.880699158, 0.092484333,
46, 0.649252117, 0.639388621, 0.411890626, 0.700148940,-0.713981330, 0.004706060, 0.297091216, 0.285329372,-0.911221147,20.903753281,35.800445557,73.453781128, 0.308087230,-0.687922776, 0.723108947, 0.062255461, 0.724053323, 0.689673066,-0.009895150,-0.050091185, 0.038269170,-0.998011172,169.639938354,-121.752601624,-1532.990600586, 0.132650822, 0.894597352, 0.398927689,-0.201375827,-0.316655785, 0.883871436, 0.344238758, 0.315316737,-0.244188264, 0.917031825,76.004356384,125.076995850,47.882045746, 0.092703603,
47, 0.647193670, 0.646357596, 0.404180974, 0.703216195,-0.710893750, 0.010823198, 0.294325382, 0.277221888,-0.914614975,20.706110001,35.661643982,73.937911987, 0.310615391,-0.687911391, 0.723149419, 0.061909508, 0.724073470, 0.689649820,-0.010037984,-0.049954843, 0.037921790,-0.998031259,169.636611938,-121.749671936,-1532.985473633, 0.133244574, 0.894605398, 0.398975551,-0.201245338,-0.316690475, 0.883805871, 0.344375312, 0.315259129,-0.244347528, 0.917009234,76.001304626,125.090881348,47.850212097, 0.093585402,
48, 0.635636330, 0.652244151, 0.412969768, 0.706861794,-0.706785142, 0.028305715, 0.310343117, 0.273920387,-0.910304725,20.583183289,35.446311951,74.212539673, 0.304160297,-0.687968194, 0.723079145, 0.062098745, 0.724029481, 0.689701438,-0.009653656,-0.049809951, 0.038319916,-0.998023331,169.634353638,-121.749908447,-1532.990722656, 0.133300498, 0.894552886, 0.398996651,-0.201437026,-0.316781074, 0.883909583, 0.344025761, 0.315317214,-0.243937790, 0.917098403,75.984741211,125.078872681,47.911026001, 0.092273712,
49, 0.631251931, 0.654696882, 0.415804088, 0.709114254,-0.704345345, 0.032474250, 0.314130455, 0.274353176,-0.908874214,20.464673996,35.342403412,74.417945862, 0.307096750,-0.687932789, 0.723133504, 0.061857834, 0.724078298, 0.689651191,-0.009581821,-0.049589269, 0.038198266,-0.998038948,169.633712769,-121.751770020,-1532.991699219, 0.133672535, 0.894445598, 0.399055928,-0.201795593,-0.316745311, 0.883922219, 0.344026029, 0.315657228,-0.243794769, 0.917019427,75.983261108,125.079498291,47.913696289, 0.091641597,
50, 0.632580280, 0.653642535, 0.415443927, 0.708273232,-0.705250680, 0.031152671, 0.313354820, 0.274541229,-0.909085155,20.527378082,35.337398529,74.445503235, 0.309096247,-0.687974095, 0.723044574, 0.062436081, 0.723994613, 0.689734399,-0.009915989,-0.050234009, 0.038381442,-0.997999728,169.635009766,-121.748336792,-1532.990844727, 0.133319676, 0.894810975, 0.398714989,-0.200847313,-0.316761583, 0.884034038, 0.343723446, 0.314603597,-0.243946820, 0.917340994,75.999031067,125.077789307,47.884769440, 0.092751287,
51, 0.633821249, 0.652866125, 0.414772898, 0.707293630,-0.706247389, 0.030829540, 0.313059807, 0.273825794,-0.909402609,20.550760269,35.335582733,74.500846863, 0.308200300,-0.687933743, 0.723077357, 0.062501311, 0.724032700, 0.689695179,-0.009862795,-0.050238412, 0.038468041,-0.997996211,169.638488770,-121.747436523,-1532.995971680, 0.133561611, 0.894769728, 0.398794025,-0.200874522,-0.316788435, 0.883974493, 0.343851984, 0.314694077,-0.244033590, 0.917286932,76.006782532,125.072250366,47.890705109, 0.093635164,
52, 0.633669198, 0.653110623, 0.414620131, 0.707346082,-0.706173182, 0.031319756, 0.313248903, 0.273433566,-0.909455478,20.527757645,35.349681854,74.522102356, 0.308197826,-0.687932432, 0.723114729, 0.062080584, 0.724044800, 0.689679801,-0.010046019,-0.050080147, 0.038038142,-0.998020589,169.643127441,-121.748367310,-1532.993530273, 0.133199394, 0.894639254, 0.398831755,-0.201379985,-0.316556245, 0.883902967, 0.344249427, 0.315297961,-0.244230941, 0.917026937,76.002426147,125.090072632,47.851501465, 0.092659414,
53, 0.633296907, 0.653588772, 0.414435476, 0.707313061,-0.706139922, 0.032781772, 0.314075232, 0.272375017,-0.909488082,20.503606796,35.297176361,74.549804688, 0.307115167,-0.687876225, 0.723149359, 0.062299825, 0.724093795, 0.689630032,-0.009929041,-0.050144009, 0.038280964,-0.998008132,169.645446777,-121.748184204,-1532.990478516, 0.132797867, 0.894630432, 0.398966879,-0.201151550,-0.316737503, 0.883824110, 0.344285309, 0.315140992,-0.244295865, 0.917063653,76.012825012,125.072029114,47.881938934, 0.092525668,
54, 0.632813931, 0.653510749, 0.415295213, 0.706973672,-0.706405699, 0.034339298, 0.315808028, 0.271872401,-0.909038305,20.463943481,35.265983582,74.531211853, 0.307731271,-0.687908649, 0.723121405, 0.062266279, 0.724068463, 0.689657688,-0.009849591,-0.050064873, 0.038309433,-0.998010933,169.646820068,-121.748863220,-1532.992187500, 0.132055163, 0.894623935, 0.398979634,-0.201154664,-0.316720366, 0.883797348, 0.344369471, 0.315176398,-0.244371399, 0.917031288,76.004005432,125.074417114,47.890068054, 0.093015708,
55, 0.633598864, 0.653440714, 0.414207280, 0.706423283,-0.706940711, 0.034656115, 0.315465689, 0.270647615,-0.909522593,20.408857346,35.222747803,74.534912109, 0.308597386,-0.687950730, 0.723071873, 0.062376905, 0.724028051, 0.689701617,-0.009751139,-0.050072227, 0.038454324,-0.998005092,169.647171021,-121.751686096,-1532.991088867, 0.132361650, 0.894724905, 0.398815483,-0.201031193,-0.316779852, 0.883990526, 0.343818605, 0.314829856,-0.243940428, 0.917265058,75.998550415,125.070884705,47.903701782, 0.093509011,
56, 0.634451151, 0.652975500, 0.413635939, 0.705784023,-0.707588613, 0.034456648, 0.315183431, 0.270076573,-0.909790099,20.332513809,35.192134857,74.508697510, 0.308398873,-0.687980652, 0.723058403, 0.062201921, 0.724016011, 0.689716518,-0.009586253,-0.049833115, 0.038440034,-0.998017490,169.647216797,-121.752586365,-1532.991210938, 0.133131087, 0.894643724, 0.398832560,-0.201358244,-0.316719800, 0.884022176, 0.343792498, 0.315120816,-0.243797675, 0.917203128,75.986839294,125.071441650,47.922798157, 0.092342094,
57, 0.635268569, 0.652908862, 0.412485152, 0.705469012,-0.707922280, 0.034053184, 0.314241022, 0.269362569,-0.910327673,20.222829819,35.168579102,74.498008728, 0.307066321,-0.687992513, 0.723077714, 0.061846782, 0.724026382, 0.689706981,-0.009491519,-0.049519263, 0.038248606,-0.998040497,169.646072388,-121.753845215,-1532.991210938, 0.133603841, 0.894519985, 0.398944944,-0.201685324,-0.316577882, 0.883884013, 0.344278187, 0.315614492,-0.244114593, 0.916949034,75.974388123,125.080093384,47.926513672, 0.092163786,
58, 0.636256993, 0.653283358, 0.410363078, 0.705482304,-0.707949519, 0.033198766, 0.312204540, 0.268380970,-0.911317706,20.171855927,35.162330627,74.461860657, 0.307645172,-0.687938750, 0.723107159, 0.062099922, 0.724030316, 0.689692795,-0.010197784,-0.050203957, 0.037946776,-0.998017848,169.642517090,-121.754882813,-1532.988769531, 0.133481964, 0.894670725, 0.398810744,-0.201281622,-0.316506743, 0.883858800, 0.344408333, 0.315258265,-0.244425073, 0.916988909,76.007011414,125.093688965,47.834220886, 0.092648737,
59, 0.636472821, 0.653449714, 0.409763098, 0.705300927,-0.708106756, 0.033695634, 0.312174410, 0.267559946,-0.911569417,20.080593109,35.120796204,74.440612793, 0.307178885,-0.687981546, 0.723060071, 0.062172852, 0.723990321, 0.689735949,-0.010109094,-0.050192337, 0.038057677,-0.998014152,169.639770508,-121.752273560,-1532.992065430, 0.133655250, 0.894644558, 0.398780078,-0.201458633,-0.316508889, 0.883947611, 0.344178468, 0.315330356,-0.244153932, 0.917036355,75.997207642,125.093353271,47.849361420, 0.091522872,
60, 0.637362182, 0.653353870, 0.408531755, 0.704517722,-0.708847225, 0.034501936, 0.312128574, 0.265827596,-0.912091732,20.018100739,35.089988708,74.491523743, 0.308983445,-0.687906027, 0.723122537, 0.062281813, 0.724056005, 0.689666748,-0.010131794,-0.050280225, 0.038125802,-0.998007119,169.637466431,-121.752922058,-1532.990722656, 0.133280113, 0.894698977, 0.398830622,-0.201116309,-0.316746742, 0.883973241, 0.343893528, 0.314936727,-0.243978262, 0.917218328,76.013381958,125.083534241,47.853858948, 0.091933988,
61, 0.638544261, 0.652972400, 0.407293797, 0.703650296,-0.709702134, 0.034628782, 0.311668932, 0.264480382,-0.912640452,19.963647842,35.074592590,74.567466736, 0.309033573,-0.687903523, 0.723131597, 0.062204935, 0.724066556, 0.689656973,-0.010043929,-0.050163150, 0.038131259,-0.998012841,169.638229370,-121.753974915,-1532.989624023, 0.133262768, 0.894670308, 0.398842841,-0.201219901,-0.316727966, 0.883975863, 0.343904138, 0.315037251,-0.243948862, 0.917191625,76.009857178,125.080734253,47.861438751, 0.092494823,
62, 0.638288379, 0.652685940, 0.408153236, 0.703473449,-0.709858000, 0.035024684, 0.312590957, 0.264769077,-0.912241280,19.889469147,35.044364929,74.576667786, 0.308888644,-0.687932253, 0.723121285, 0.062007062, 0.724063575, 0.689664423,-0.009746830,-0.049812201, 0.038191892,-0.998028100,169.640319824,-121.751091003,-1532.991577148, 0.133963093, 0.894542754, 0.398967505,-0.201539636,-0.316607565, 0.883838415, 0.344367981, 0.315520108,-0.244242907, 0.916947365,75.991638184,125.077957153,47.894844055, 0.091512099,
63, 0.637445509, 0.652913690, 0.409105003, 0.703735352,-0.709554791, 0.035895597, 0.313719153, 0.265020192,-0.911781013,19.866935730,35.020332336,74.577201843, 0.307227701,-0.687951982, 0.723095000, 0.062094677, 0.724025905, 0.689699709,-0.010039154,-0.050085943, 0.038051698,-0.998019755,169.641128540,-121.751609802,-1532.986816406, 0.133461043, 0.894673228, 0.398884445,-0.201124474,-0.316633552, 0.883827686, 0.344371676, 0.315123886,-0.244417369, 0.917037129,75.998886108,125.088752747,47.862174988, 0.092350014,
64, 0.637088835, 0.652539492, 0.410255969, 0.703316867,-0.709913909, 0.036980670, 0.315377772, 0.264979988,-0.911220312,19.844903946,34.975074768,74.643760681, 0.308117330,-0.687973440, 0.723067164, 0.062181357, 0.724008083, 0.689720392,-0.009904233,-0.050049175, 0.038205955,-0.998015702,169.640701294,-121.753105164,-1532.988037109, 0.132263392, 0.894722879, 0.398836017,-0.200999513,-0.316719681, 0.883911490, 0.344077289, 0.314896166,-0.244193316, 0.917175055,75.993919373,125.083427429,47.884868622, 0.093717203,
65, 0.638377249, 0.651013792, 0.410676897, 0.702410042,-0.710907340, 0.035083201, 0.314792871, 0.266067266,-0.911105752,19.878080368,34.932151794,74.627349854, 0.307836980,-0.687867999, 0.723145783, 0.062432032, 0.724097967, 0.689626396,-0.009876533,-0.050196953, 0.038413160,-0.998000383,169.642181396,-121.751937866,-1532.988037109, 0.133811116, 0.894642591, 0.398961514,-0.201107934,-0.316855073, 0.883908212, 0.343961090, 0.314988166,-0.244000167, 0.917194903,76.018005371,125.063125610,47.897018433, 0.093302801,
66, 0.639094174, 0.649737954, 0.411581427, 0.701501250,-0.711834908, 0.034454364, 0.315364331, 0.266705304,-0.910721481,19.901271820,34.911582947,74.643722534, 0.308142185,-0.687920332, 0.723089635, 0.062506288, 0.724039912, 0.689686060,-0.009968027,-0.050317489, 0.038399838,-0.997994840,169.641937256,-121.751373291,-1532.987792969, 0.133653075, 0.894710898, 0.398787230,-0.201149657,-0.316674471, 0.883975744, 0.343953729, 0.314975768,-0.244040176, 0.917188466,76.013298035,125.070220947,47.885833740, 0.092405558,
67, 0.639359832, 0.648894131, 0.412498981, 0.701018095,-0.712332487, 0.034001328, 0.315899670, 0.267430186,-0.910323262,19.888185501,34.911888123,74.673851013, 0.307352602,-0.687990427, 0.723052263, 0.062165920, 0.723987877, 0.689740181,-0.009996410,-0.050106261, 0.038129941,-0.998015761,169.643218994,-121.752281189,-1532.990478516, 0.133570522, 0.894736350, 0.398710608,-0.201188445,-0.316582352, 0.884001732, 0.343971729, 0.314996094,-0.244071275, 0.917173207,75.993499756,125.089714050,47.870601654, 0.092387870,
68, 0.639450252, 0.648002088, 0.413759112, 0.700620115,-0.712748766, 0.033475965, 0.316598803, 0.268481731,-0.909770668,19.897066116,34.907341003,74.692726135, 0.307996988,-0.688011527, 0.723044395, 0.062023584, 0.723973453, 0.689755023,-0.010019104,-0.050025336, 0.038010173,-0.998024404,169.644470215,-121.751800537,-1532.990844727, 0.133685932, 0.894728720, 0.398782730,-0.201079026,-0.316643983, 0.883936107, 0.344083607, 0.314955622,-0.244191036, 0.917155266,75.986305237,125.098007202,47.860633850, 0.093887158,
69, 0.639992535, 0.647119761, 0.414301157, 0.700198054,-0.713214159, 0.032376122, 0.316436708, 0.269372404,-0.909563780,19.948089600,34.901615143,74.719566345, 0.307961136,-0.687935889, 0.723123133, 0.061943673, 0.724037051, 0.689684689,-0.010265565,-0.050144874, 0.037787464,-0.998026788,169.641387939,-121.749992371,-1532.987182617, 0.132826030, 0.894648433, 0.398864150,-0.201274529,-0.316554397, 0.883833826, 0.344428599, 0.315273464,-0.244428173, 0.916982830,76.002494812,125.101860046,47.825744629, 0.093187146,
70, 0.640885353, 0.647276402, 0.412673265, 0.699204087,-0.714103699, 0.034198679, 0.316827506, 0.266625375,-0.910236895,19.955852509,34.832530975,74.948913574, 0.309494823,-0.687984228, 0.723040521, 0.062370628, 0.723994553, 0.689736247,-0.009787090,-0.050095748, 0.038422633,-0.998005092,169.641342163,-121.749397278,-1532.989746094, 0.132376492, 0.894609153, 0.398850709,-0.201476008,-0.316719145, 0.884036422, 0.343756646, 0.315219700,-0.243716523, 0.917190731,75.993415833,125.074897766,47.907367706, 0.091823146,
71, 0.639056802, 0.648564339, 0.413486063, 0.699171901,-0.713880956, 0.039148163, 0.320569962, 0.264079958,-0.909668446,19.888982773,34.821819305,75.177925110, 0.308259338,-0.687951863, 0.723092794, 0.062121037, 0.724048674, 0.689682603,-0.009560294,-0.049756780, 0.038401634,-0.998022795,169.639053345,-121.748619080,-1532.988037109, 0.134297699, 0.894572735, 0.398920476,-0.201499343,-0.316774517, 0.884008169, 0.343778282, 0.315267265,-0.243704855, 0.917177498,75.985374451,125.070396423,47.932247162, 0.092578374,
72, 0.635202527, 0.649723351, 0.417585075, 0.699753284,-0.712972164, 0.044900093, 0.326899171, 0.263685882,-0.907527804,19.821573257,34.783596039,75.345558167, 0.307790339,-0.687943995, 0.723089874, 0.062242843, 0.724058688, 0.689674437,-0.009394367,-0.049720265, 0.038604669,-0.998016894,169.638229370,-121.749397278,-1532.990234375, 0.134013578, 0.894530118, 0.398955405,-0.201619610,-0.316764176, 0.883996844, 0.343816876, 0.315398693,-0.243688688, 0.917136550,75.985031128,125.060096741,47.959228516, 0.092373163,
73, 0.633951485, 0.649547577, 0.419754028, 0.699955761,-0.712718904, 0.045757413, 0.328888237, 0.264801264,-0.906483710,19.802757263,34.770111084,75.425781250, 0.308841884,-0.687942326, 0.723098278, 0.062162977, 0.724057972, 0.689673483,-0.009516506,-0.049753524, 0.038462792,-0.998020649,169.639190674,-121.752304077,-1532.988159180, 0.131923199, 0.894569635, 0.399039894,-0.201276585,-0.316777289, 0.883810401, 0.344283789, 0.315273315,-0.244225979, 0.917036712,75.988517761,125.067405701,47.941616058, 0.092202388,
74, 0.634891450, 0.648557007, 0.419864982, 0.699468553,-0.713299513, 0.044130363, 0.328110546, 0.265664369,-0.906513035,19.827642441,34.770427704,75.432289124, 0.309008956,-0.687916815, 0.723096490, 0.062465653, 0.724057019, 0.689671457,-0.009734678,-0.050119888, 0.038532041,-0.997999668,169.640151978,-121.751258850,-1532.987060547, 0.132847562, 0.894649148, 0.398954540,-0.201092511,-0.316839695, 0.883899450, 0.343997627, 0.314984977,-0.244043097, 0.917184532,76.006347656,125.062072754,47.920467377, 0.092108481,
75, 0.635082662, 0.648717880, 0.419326931, 0.699301958,-0.713433564, 0.044601407, 0.328095645, 0.264910549,-0.906738997,19.775535583,34.819709778,75.551284790, 0.308294117,-0.687989950, 0.723043799, 0.062270008, 0.723971546, 0.689753950,-0.010232763,-0.050349720, 0.038041677,-0.998006880,169.642135620,-121.751724243,-1532.988403320, 0.133499175, 0.894728780, 0.398755729,-0.201132566,-0.316590160, 0.883940637, 0.344121575, 0.315009683,-0.244218886, 0.917129219,76.001785278,125.095207214,47.840030670, 0.092041723,
