Number of frames: 4742
Frequency: 100
Units: mm

Frame,Digitizing Probe R00,Digitizing Probe R01,Digitizing Probe R02,Digitizing Probe R10,Digitizing Probe R11,Digitizing Probe R12,Digitizing Probe R20,Digitizing Probe R21,Digitizing Probe R22,Digitizing Probe x,Digitizing Probe y,Digitizing Probe z,Digitizing Probe Error,HumMarker R00,HumMarker R01,HumMarker R02,HumMarker R10,HumMarker R11,HumMarker R12,HumMarker R20,HumMarker R21,HumMarker R22,HumMarker x,HumMarker y,HumMarker z,HumMarker Error,StemMarker R00,StemMarker R01,StemMarker R02,StemMarker R10,StemMarker R11,StemMarker R12,StemMarker R20,StemMarker R21,StemMarker R22,StemMarker x,StemMarker y,StemMarker z,StemMarker Error
1, 0.773794830, 0.486223012, 0.405991048, 0.562255383,-0.822406769,-0.086694531, 0.291736931, 0.295354456,-0.909755647, 2.095555782,11.758304596,40.685310364, 0.306049168,-0.622605264, 0.772796392, 0.123078853, 0.767545462, 0.633715808,-0.096324019,-0.152435869, 0.034496773,-0.987711132,140.950836182,-187.016754150,-1532.303466797, 0.121134482,,,,,,,,,,,,,,
2, 0.773836851, 0.482969642, 0.409776568, 0.560618162,-0.823356390,-0.088269629, 0.294760615, 0.298034489,-0.907905042, 2.033640146,11.742571831,40.682243347, 0.308132291,-0.622603714, 0.772825181, 0.122905716, 0.767585814, 0.633683860,-0.096212015,-0.152238429, 0.034438726,-0.987743616,140.954345703,-187.016845703,-1532.304443359, 0.121333592,,,,,,,,,,,,,,
3, 0.777820051, 0.478921682, 0.406976670, 0.557318032,-0.824913740,-0.094413385, 0.290504038, 0.300252050,-0.908546150, 2.041679621,11.706505775,40.629161835, 0.309996128,-0.622573912, 0.772837937, 0.122976579, 0.767585993, 0.633668542,-0.096311510,-0.152359575, 0.034434073,-0.987725079,140.955764771,-187.018554688,-1532.307128906, 0.121401303,,,,,,,,,,,,,,
4, 0.781088591, 0.475626558, 0.404573828, 0.554628968,-0.826116562,-0.099589571, 0.286857724, 0.302176625,-0.909066498, 2.044272900,11.647444725,40.619106293, 0.309248447,-0.622596920, 0.772853792, 0.122760333, 0.767593443, 0.633658528,-0.096318170,-0.152227983, 0.034262631,-0.987751365,140.954406738,-187.018615723,-1532.309448242, 0.121643126,,,,,,,,,,,,,,
5, 0.783297956, 0.472567409, 0.403886557, 0.552148461,-0.827390254,-0.102749377, 0.285615802, 0.303488761,-0.909020483, 2.030653000,11.567142487,40.621864319, 0.307312340,-0.622649610, 0.772756338, 0.123106144, 0.767598867, 0.633742750,-0.095718645,-0.151984811, 0.034896962,-0.987766623,140.953918457,-187.020538330,-1532.308105469, 0.122452512,,,,,,,,,,,,,,
6, 0.786131561, 0.469905943, 0.401479095, 0.549904525,-0.828309357,-0.107277863, 0.282138407, 0.305109710,-0.909563601, 2.037191629,11.525216103,40.610023499, 0.306212664,-0.622652769, 0.772760093, 0.123066157, 0.767587543, 0.633742929,-0.095808081,-0.152028978, 0.034808882,-0.987762868,140.951416016,-187.022384644,-1532.306030273, 0.122266650,,,,,,,,,,,,,,
7, 0.788724899, 0.467791200, 0.398853898, 0.547842205,-0.829209507,-0.110817201, 0.278894156, 0.305913299,-0.910293937, 2.032344341,11.472994804,40.681762695, 0.308179438,-0.622717559, 0.772771537, 0.122666076, 0.767584383, 0.633746326,-0.095811591,-0.151779637, 0.034492996,-0.987812281,140.951095581,-187.020797729,-1532.306274414, 0.121081933,,,,,,,,,,,,,,
8, 0.791227877, 0.466401458, 0.395509899, 0.546188116,-0.829861104,-0.114057384, 0.275021762, 0.306268185,-0.911352158, 2.054977655,11.364402771,40.725978851, 0.308742821,-0.622665107, 0.772753119, 0.123047836, 0.767558157, 0.633757293,-0.095948838,-0.152127236, 0.034702376,-0.987751484,140.950012207,-187.019485474,-1532.303466797, 0.121174529,,,,,,,,,,,,,,
9, 0.793487489, 0.464660943, 0.393023968, 0.544426084,-0.830583215,-0.117182918, 0.271988779, 0.306955665,-0.912030876, 2.061896563,11.255271912,40.746589661, 0.308088511,-0.622602284, 0.772789299, 0.123138376, 0.767664850, 0.633693516,-0.095515728,-0.151845515, 0.035060693,-0.987782180,140.947250366,-187.020339966,-1532.302246094, 0.122481950,,,,,,,,,,,,,,
10, 0.794738054, 0.463196605, 0.392224818, 0.543192744,-0.831112981,-0.119133644, 0.270800859, 0.307733715,-0.912122190, 2.109054089,11.169853210,40.770801544, 0.309166312,-0.622533262, 0.772817910, 0.123307586, 0.767605901, 0.633672476,-0.096127078,-0.152425349, 0.034809325,-0.987701833,140.949096680,-187.019836426,-1532.304931641, 0.121930175,,,,,,,,,,,,,,
11, 0.795103014, 0.462088168, 0.392792165, 0.542294621,-0.831669867,-0.119338587, 0.271528482, 0.307895571,-0.911851168, 2.117134571,11.061103821,40.848781586, 0.310746819,-0.622547090, 0.772801995, 0.123337351, 0.767603219, 0.633687913,-0.096046492,-0.152382314, 0.034880675,-0.987705886,140.949645996,-187.020019531,-1532.301635742, 0.122083634,,,,,,,,,,,,,,
12, 0.795477450, 0.461720914, 0.392465740, 0.542036831,-0.831721008,-0.120150812, 0.270945877, 0.308308154,-0.911885083, 2.125873804,10.932358742,40.883995056, 0.310262531,-0.622594833, 0.772783637, 0.123211652, 0.767564356, 0.633719563,-0.096148066,-0.152383298, 0.034711588,-0.987711728,140.951339722,-187.019638062,-1532.300659180, 0.122156888,,,,,,,,,,,,,,
13, 0.795285881, 0.461751997, 0.392817199, 0.542264700,-0.831537843,-0.120389879, 0.271052122, 0.308755279,-0.911702156, 2.160449743,10.805096626,40.920661926, 0.310628712,-0.622587621, 0.772774398, 0.123306163, 0.767500103, 0.633740187,-0.096524574,-0.152735785, 0.034542490,-0.987663209,140.951583862,-187.019226074,-1532.301147461, 0.121566728,,,,,,,,,,,,,,
14, 0.794665217, 0.461427510, 0.394451261, 0.542348206,-0.831559241,-0.119865246, 0.272700459, 0.309182703,-0.911065578, 2.174011707,10.694637299,40.960453033, 0.309083909,-0.622576416, 0.772755921, 0.123478666, 0.767519176, 0.633748293,-0.096319832,-0.152686104, 0.034805786,-0.987661660,140.952423096,-187.019271851,-1532.301635742, 0.121410824,,,,,,,,,,,,,,
15, 0.794826031, 0.460953355, 0.394681603, 0.542071104,-0.831673682,-0.120323516, 0.272782773, 0.309581786,-0.910905421, 2.161635160,10.618874550,40.980773926, 0.309386522,-0.622567117, 0.772800088, 0.123248488, 0.767600536, 0.633693576,-0.096030317,-0.152314022, 0.034820288,-0.987718582,140.951232910,-187.018905640,-1532.301635742, 0.121939071,,,,,,,,,,,,,,
16, 0.795095861, 0.460915208, 0.394182295, 0.541835308,-0.831836224,-0.120261803, 0.272464633, 0.309201568,-0.911129713, 2.155454874,10.567223549,41.066394806, 0.311240226,-0.622577846, 0.772834182, 0.122979783, 0.767599583, 0.633669078,-0.096199527,-0.152274773, 0.034507528,-0.987735569,140.951705933,-187.017929077,-1532.300292969, 0.121662714,,,,,,,,,,,,,,
17, 0.794914126, 0.462078899, 0.393185377, 0.542334735,-0.831686676,-0.119039707, 0.272001266, 0.307864398,-0.911720812, 2.120751143,10.441323280,41.174854279, 0.310821563,-0.622576654, 0.772762418, 0.123436496, 0.767608166, 0.633722842,-0.095776178,-0.152236760, 0.035122845,-0.987719834,140.951858521,-187.018707275,-1532.305297852, 0.121448837,,,,,,,,,,,,,,
18, 0.792591333, 0.465604961, 0.393714279, 0.545384169,-0.830083191,-0.116266958, 0.272681117, 0.306877702,-0.911850333, 1.986835599,10.299397469,41.325077057, 0.311683327,-0.622528255, 0.772775531, 0.123598300, 0.767567933, 0.633713245,-0.096161380,-0.152637050, 0.035006914,-0.987662077,140.951126099,-187.017288208,-1532.302490234, 0.122085877,,,,,,,,,,,,,,
19, 0.786556184, 0.470723897, 0.399685383, 0.551542699,-0.826610625,-0.111872837, 0.277722955, 0.308437824,-0.909800053, 1.714937449,10.172764778,41.371463776, 0.308942080,-0.622551143, 0.772829354, 0.123146020, 0.767642856, 0.633658350,-0.095924869,-0.152166039, 0.034814026,-0.987741590,140.951217651,-187.017028809,-1532.302612305, 0.122419164,,,,,,,,,,,,,,
20, 0.780753851, 0.473783106, 0.407373309, 0.556325853,-0.823916137,-0.107999228, 0.284473211, 0.310953081,-0.906853437, 1.514231563,10.066140175,41.400722504, 0.309892684,-0.622533679, 0.772863865, 0.123017408, 0.767677486, 0.633620381,-0.095898606,-0.152062893, 0.034737576,-0.987760246,140.950714111,-187.017959595,-1532.299682617, 0.122314490,,,,,,,,,,,,,,
21, 0.779425919, 0.475349754, 0.408090502, 0.558276236,-0.822580278,-0.108117297, 0.284293652, 0.312096655,-0.906516850, 1.347452760, 9.993137360,41.455242157, 0.310647756,-0.622580647, 0.772822797, 0.123037361, 0.767655730, 0.633665621,-0.095773272,-0.151980326, 0.034823749,-0.987769842,140.951278687,-187.018646240,-1532.298950195, 0.121864043,,,,,,,,,,,,,,
22, 0.779372931, 0.475828052, 0.407633930, 0.558527768,-0.822446108,-0.107838251, 0.283944488, 0.311721116,-0.906755507, 1.227220058, 9.958473206,41.544368744, 0.310445428,-0.622493267, 0.772824407, 0.123468749, 0.767660975, 0.633647621,-0.095850512,-0.152311295, 0.035115846,-0.987708569,140.950881958,-187.017883301,-1532.304565430, 0.121764138,,,,,,,,,,,,,,
23, 0.778471410, 0.475670934, 0.409535706, 0.558944225,-0.822208643,-0.107490741, 0.285593599, 0.312586099,-0.905939400, 1.108293414, 9.942242622,41.587413788, 0.308193415,-0.622517884, 0.772809446, 0.123438194, 0.767641246, 0.633668184,-0.095872827,-0.152310282, 0.035073698,-0.987710178,140.951385498,-187.017776489,-1532.300415039, 0.122099914,,,,,,,,,,,,,,
24, 0.779060245, 0.475288630, 0.408859223, 0.559092283,-0.821771681,-0.110032603, 0.283691674, 0.314312041,-0.905939817, 0.996169806, 9.856121063,41.601684570, 0.310933322,-0.622531295, 0.772790313, 0.123490661, 0.767647266, 0.633684039,-0.095719539,-0.152225196, 0.035208862,-0.987718523,140.950180054,-187.018722534,-1532.296997070, 0.121961601,,,,,,,,,,,,,,
25, 0.778758645, 0.475965917, 0.408645898, 0.559756696,-0.821307182,-0.110122554, 0.283209234, 0.314501166,-0.906025171, 0.850691259, 9.799952507,41.706897736, 0.309179157,-0.622563481, 0.772818506, 0.123151533, 0.767630816, 0.633671701,-0.095932774,-0.152176261, 0.034810677,-0.987740159,140.948562622,-187.018051147,-1532.299438477, 0.122393131,,,,,,,,,,,,,,
26, 0.777013421, 0.476628512, 0.411187917, 0.560795248,-0.820849478,-0.108235545, 0.285935223, 0.314692676,-0.905102015, 0.670832872, 9.758446693,41.801807404, 0.309386998,-0.622584641, 0.772836924, 0.122928694, 0.767643809, 0.633658111,-0.095918514,-0.152024135, 0.034648061,-0.987769306,140.949111938,-187.018493652,-1532.297973633, 0.121446036,,,,,,,,,,,,,,
27, 0.776450574, 0.477225900, 0.411557943, 0.561361313,-0.820546031,-0.107599698, 0.286352873, 0.314578563,-0.905009568, 0.496521205, 9.718634605,41.881740570, 0.310959369,-0.622531176, 0.772791743, 0.123481937, 0.767624259, 0.633688211,-0.095876232,-0.152341411, 0.035101783,-0.987704396,140.948410034,-187.018753052,-1532.298828125, 0.121618219,,,,,,,,,,,,,,
28, 0.775524080, 0.476048917, 0.414656281, 0.561436534,-0.820421636,-0.108153827, 0.288706511, 0.316679090,-0.903528035, 0.374545693, 9.711470604,41.872623444, 0.309132874,-0.622524917, 0.772813320, 0.123378657, 0.767620683, 0.633671165,-0.096017718,-0.152385265, 0.034934588,-0.987703562,140.949371338,-187.017791748,-1532.297851563, 0.121634357,,,,,,,,,,,,,,
29, 0.776414931, 0.473841518, 0.415516645, 0.560621619,-0.820475459,-0.111907989, 0.287894577, 0.319834650,-0.902675211, 0.246789306, 9.619007111,41.818984985, 0.312163234,-0.622460544, 0.772867858, 0.123362109, 0.767703712, 0.633598208,-0.095835067,-0.152229846, 0.035052001,-0.987723410,140.951751709,-187.018234253,-1532.298339844, 0.121929437,,,,,,,,,,,,,,
30, 0.778789997, 0.473679930, 0.411234170, 0.560370922,-0.819973826,-0.116736665, 0.281905413, 0.321356982,-0.904023767, 0.104046263, 9.503501892,41.802436829, 0.312732279,-0.622540653, 0.772829533, 0.123197392, 0.767624378, 0.633660436,-0.096058466,-0.152302146, 0.034769017,-0.987722218,140.951705933,-187.017547607,-1532.299560547, 0.122306406,,,,,,,,,,,,,,
31, 0.777705193, 0.474570483, 0.412259102, 0.561422229,-0.819377303,-0.115870588, 0.282806963, 0.321564555,-0.903668344,-0.066146709, 9.408322334,41.854377747, 0.309256524,-0.622554481, 0.772832274, 0.123110346, 0.767590106, 0.633668542,-0.096278392,-0.152418211, 0.034559742,-0.987711608,140.953811646,-187.017333984,-1532.298339844, 0.122254349,,,,,,,,,,,,,,
32, 0.778884351, 0.470672935, 0.414495111, 0.558908165,-0.820753396,-0.118260495, 0.284536242, 0.323775947,-0.902334929,-0.093943082, 9.345509529,41.903572083, 0.313309163,-0.622549057, 0.772853494, 0.123004623, 0.767613769, 0.633645713,-0.096240081,-0.152320832, 0.034505870,-0.987728536,140.954589844,-187.020355225,-1532.298583984, 0.121613525,,,,,,,,,,,,,,
33, 0.783917844, 0.467398733, 0.408669949, 0.555672705,-0.821796954,-0.126006007, 0.276948690, 0.325865090,-0.903942108,-0.108569235, 9.223423004,41.854030609, 0.310952842,-0.622598350, 0.772776127, 0.123241261, 0.767633736, 0.633710206,-0.095654823,-0.152018994, 0.035049617,-0.987755954,140.954879761,-187.019699097,-1532.299438477, 0.122188315,,,,,,,,,,,,,,
34, 0.787050664, 0.464214712, 0.406270742, 0.552948833,-0.822854221,-0.130990669, 0.273493797, 0.327743202,-0.904314935,-0.097554222, 9.105243683,41.885303497, 0.310991496,-0.622540236, 0.772819042, 0.123265065, 0.767644823, 0.633663833,-0.095872410,-0.152200654, 0.034939356,-0.987731814,140.951904297,-187.018692017,-1532.299560547, 0.122510329,,,,,,,,,,,,,,
35, 0.789065063, 0.462925196, 0.403827459, 0.551922202,-0.822871983,-0.135142848, 0.269737273, 0.329517841,-0.904798210,-0.141282752, 8.942697525,41.933643341, 0.312165678,-0.622577906, 0.772821069, 0.123062581, 0.767627358, 0.633673072,-0.095951460,-0.152134746, 0.034728944,-0.987749457,140.949523926,-187.020568848,-1532.301513672, 0.122722715,,,,,,,,,,,,,,
36, 0.788975298, 0.461905032, 0.405168653, 0.551877975,-0.822620034,-0.136846200, 0.270089924, 0.331571966,-0.903942168,-0.191066623, 8.753424644,41.987625122, 0.311583132,-0.622546315, 0.772794008, 0.123391300, 0.767631352, 0.633687496,-0.095823593,-0.152243435, 0.035064407,-0.987720788,140.948257446,-187.020462036,-1532.298706055, 0.122251697,,,,,,,,,,,,,,
37, 0.786732316, 0.463329345, 0.407894701, 0.554700375,-0.820558250,-0.137810141, 0.270849884, 0.334679037,-0.902568698,-0.348566562, 8.530830383,41.982883453, 0.313012004,-0.622598052, 0.772789657, 0.123157799, 0.767604589, 0.633706331,-0.095914021,-0.152167231, 0.034820613,-0.987741172,140.946762085,-187.018539429,-1532.299682617, 0.121463358,,,,,,,,,,,,,,
38, 0.782173216, 0.469728947, 0.409340650, 0.560275793,-0.817675710,-0.132278085, 0.272573054, 0.332808018,-0.902741790,-0.726231992, 8.346523285,42.171791077, 0.310899705,-0.622631907, 0.772766531, 0.123131528, 0.767631710, 0.633724034,-0.095578678,-0.151891425, 0.035009336,-0.987776935,140.949371338,-187.016723633,-1532.299804688, 0.121911936,,,,,,,,,,,,,,
39, 0.776781142, 0.473878503, 0.414789408, 0.563781083,-0.816761315,-0.122686036, 0.280645669, 0.329150617,-0.901608527,-0.977183998, 8.343750000,42.494010925, 0.308836818,-0.622528076, 0.772851169, 0.123125337, 0.767607808, 0.633645117,-0.096291751,-0.152436957, 0.034567650,-0.987708509,140.949996948,-187.017669678,-1532.296997070, 0.121563658,,,,,,,,,,,,,,
40, 0.776494801, 0.471176028, 0.418388546, 0.562231898,-0.817872167,-0.122394286, 0.284519106, 0.330269933,-0.899983704,-1.045507431, 8.316375732,42.678920746, 0.313122809,-0.622523904, 0.772838712, 0.123224817, 0.767636955, 0.633647501,-0.096043698,-0.152307376, 0.034802426,-0.987720191,140.953689575,-187.018783569,-1532.299072266, 0.122615933,,,,,,,,,,,,,,
41, 0.780222654, 0.470111400, 0.412611067, 0.560501337,-0.818268359,-0.127574310, 0.277652442, 0.330805421,-0.901929557,-1.137341857, 8.248799324,42.814815521, 0.313193500,-0.622568369, 0.772776365, 0.123391069, 0.767647386, 0.633701503,-0.095602952,-0.152072802, 0.035201453,-0.987742245,140.953308105,-187.017364502,-1532.298828125, 0.122143932,,,,,,,,,,,,,,
42, 0.779742181, 0.469616294, 0.414080560, 0.560651004,-0.818113923,-0.127906516, 0.278698087, 0.331888765,-0.901208758,-1.216582298, 8.160279274,42.920913696, 0.311783999,-0.622537434, 0.772778034, 0.123536333, 0.767663121, 0.633691013,-0.095546372,-0.152119994, 0.035353091,-0.987729549,140.951705933,-187.016418457,-1532.298339844, 0.123273410,,,,,,,,,,,,,,
43, 0.779957652, 0.470077395, 0.413150460, 0.561373293,-0.817312121,-0.129849643, 0.276633501, 0.333208859,-0.901357770,-1.377641916, 8.088034630,43.033859253, 0.315602154,-0.622611463, 0.772793055, 0.123068586, 0.767635763, 0.633698940,-0.095713593,-0.151955232, 0.034879461,-0.987771749,140.950332642,-187.019104004,-1532.299438477, 0.121789284,,,,,,,,,,,,,,
44, 0.779726863, 0.469166607, 0.414618701, 0.561783075,-0.816616058,-0.132431000, 0.276452094, 0.336185783,-0.900307357,-1.443715572, 8.006162643,42.980091095, 0.311502457,-0.622658074, 0.772732317, 0.123214699, 0.767592192, 0.633764505,-0.095628954,-0.151984677, 0.035034500,-0.987761736,140.948135376,-187.019058228,-1532.300048828, 0.121613666,,,,,,,,,,,,,,
45, 0.780691862, 0.466193944, 0.416153103, 0.559811831,-0.817682564,-0.134185940, 0.277724475, 0.337725312,-0.899339020,-1.470407248, 7.973766804,42.996395111, 0.312866867,-0.622649550, 0.772686779, 0.123542450, 0.767605603, 0.633795083,-0.095318064,-0.151951596, 0.035482127,-0.987750888,140.949142456,-187.017517090,-1532.300903320, 0.122017391,,,,,,,,,,,,,,
46, 0.785522223, 0.463506013, 0.410020858, 0.556759596,-0.818567753,-0.141300023, 0.270136416, 0.339277357,-0.901064515,-1.484629989, 7.987076283,42.947944641, 0.311376065,-0.622657359, 0.772761762, 0.123032413, 0.767609715, 0.633737385,-0.095667280,-0.151898265, 0.034872938,-0.987780690,140.950714111,-187.019027710,-1532.300781250, 0.122622557,,,,,,,,,,,,,,
47, 0.790801585, 0.461298883, 0.402288824, 0.553142965,-0.820004404,-0.147056475, 0.262041628, 0.338815719,-0.903625011,-1.494370461, 7.963557243,42.941402435, 0.311602712,-0.622586787, 0.772751987, 0.123450927, 0.767611980, 0.633731902,-0.095685601,-0.152176023, 0.035189822,-0.987726808,140.953247070,-187.018707275,-1532.302124023, 0.121270858,,,,,,,,,,,,,,
48, 0.793226957, 0.458824068, 0.400339186, 0.550527930,-0.821320832,-0.149502844, 0.260211408, 0.338987619,-0.904089272,-1.501343846, 7.974690437,42.948188782, 0.311858147,-0.622544706, 0.772804201, 0.123336121, 0.767634213, 0.633678734,-0.095859192,-0.152235851, 0.035000391,-0.987724304,140.954010010,-187.017486572,-1532.300537109, 0.122486398,,,,,,,,,,,,,,
49, 0.794608176, 0.456395239, 0.400376350, 0.548526764,-0.822341979,-0.151234940, 0.260223389, 0.339789689,-0.903784692,-1.518033028, 8.001952171,42.944927216, 0.311824054,-0.622629404, 0.772833407, 0.122723699, 0.767638803, 0.633669913,-0.095880434,-0.151865929, 0.034509491,-0.987798512,140.953948975,-187.017684937,-1532.300781250, 0.122229263,,,,,,,,,,,,,,
50, 0.796383262, 0.454926431, 0.398516893, 0.546823800,-0.823128045,-0.153114244, 0.258374721, 0.339856148,-0.904289961,-1.522419333, 8.004961967,42.950305939, 0.312712282,-0.622685373, 0.772798598, 0.122659281, 0.767568588, 0.633723021,-0.096091688,-0.151991531, 0.034314524,-0.987785995,140.953979492,-187.019592285,-1532.298950195, 0.121104307,,,,,,,,,,,,,,
51, 0.796832860, 0.455542505, 0.396911174, 0.547099888,-0.822772086,-0.154038340, 0.256396413, 0.339892864,-0.904839039,-1.624973536, 7.933457851,42.922271729, 0.314402491,-0.622629166, 0.772836566, 0.122705169, 0.767629504, 0.633669555,-0.095957197,-0.151913762, 0.034446355,-0.987793267,140.952651978,-187.019348145,-1532.302856445, 0.122624472,,,,,,,,,,,,,,
52, 0.795416951, 0.456035793, 0.399178207, 0.547830284,-0.822715819,-0.151725650, 0.259217918, 0.339367062,-0.904232323,-1.634408236, 7.867487907,42.939895630, 0.310543507,-0.622537315, 0.772835732, 0.123175941, 0.767615378, 0.633657157,-0.096152321,-0.152361259, 0.034693338,-0.987715781,140.951477051,-187.019027710,-1532.302856445, 0.121657632,,,,,,,,,,,,,,
53, 0.793750405, 0.456015587, 0.402504683, 0.548669994,-0.822432041,-0.150222421, 0.262528986, 0.340081364,-0.903007865,-1.672919393, 7.809776306,42.919540405, 0.313191086,-0.622572362, 0.772846162, 0.122932769, 0.767613411, 0.633655608,-0.096178025,-0.152227864, 0.034487061,-0.987743556,140.949264526,-187.018875122,-1532.300048828, 0.122182943,,,,,,,,,,,,,,
54, 0.792451978, 0.456484467, 0.404526621, 0.549242854,-0.822485030,-0.147819757, 0.265239656, 0.339323431,-0.902500749,-1.736419678, 7.740806103,42.953193665, 0.312422872,-0.622606635, 0.772808373, 0.122996889, 0.767627120, 0.633688152,-0.095854014,-0.152018443, 0.034736402,-0.987767041,140.949340820,-187.018280029,-1532.301147461, 0.122884169,,,,,,,,,,,,,,
55, 0.790792465, 0.458592355, 0.405389100, 0.550797760,-0.822030127,-0.144527748, 0.266962737, 0.337578863,-0.902646840,-1.842464328, 7.679429531,43.026538849, 0.312940300,-0.622618556, 0.772808194, 0.122937806, 0.767639995, 0.633687437,-0.095755540,-0.151904806, 0.034752801,-0.987783968,140.949829102,-187.017349243,-1532.301269531, 0.122724354,,,,,,,,,,,,,,
56, 0.787686586, 0.461452901, 0.408180177, 0.553566158,-0.820922315,-0.140182212, 0.270396739, 0.336374372,-0.902074218,-1.980990887, 7.628612518,43.142906189, 0.313570708,-0.622656107, 0.772824228, 0.122646227, 0.767620385, 0.633686066,-0.095921166,-0.151849404, 0.034419850,-0.987804115,140.949752808,-187.016769409,-1532.303955078, 0.122100785,,,,,,,,,,,,,,
57, 0.784303129, 0.462490946, 0.413486123, 0.555333197,-0.820494652,-0.135622889, 0.276538789, 0.335992008,-0.900353074,-2.013092041, 7.595456600,43.218532562, 0.311078608,-0.622600615, 0.772768557, 0.123277180, 0.767584145, 0.633727849,-0.095935389,-0.152260035, 0.034896176,-0.987724245,140.950744629,-187.017913818,-1532.302490234, 0.121783413,,,,,,,,,,,,,,
58, 0.784100950, 0.461916476, 0.414510489, 0.555314958,-0.820408881,-0.136215046, 0.277148128, 0.336990207,-0.899792492,-2.038135529, 7.589483738,43.233757019, 0.313142031,-0.622610211, 0.772775531, 0.123184830, 0.767605007, 0.633719385,-0.095824063,-0.152115107, 0.034896255,-0.987746596,140.950012207,-187.018722534,-1532.301269531, 0.121735699,,,,,,,,,,,,,,
59, 0.786007822, 0.461478978, 0.411374480, 0.554561079,-0.820407450,-0.139261246, 0.273228526, 0.337592691,-0.900764883,-2.039586067, 7.591681480,43.223064423, 0.314075917,-0.622570395, 0.772849560, 0.122921355, 0.767665148, 0.633640826,-0.095862098,-0.151974976, 0.034681533,-0.987775683,140.951416016,-187.017578125,-1532.302001953, 0.122425027,,,,,,,,,,,,,,
60, 0.786570013, 0.461171120, 0.410644352, 0.554221988,-0.820485950,-0.140145540, 0.272296846, 0.337822407,-0.900960803,-2.054288387, 7.595785141,43.226795197, 0.313174903,-0.622596443, 0.772864461, 0.122695364, 0.767685294, 0.633629262,-0.095776424,-0.151765570, 0.034561373,-0.987812102,140.951858521,-187.017898560,-1532.296020508, 0.122251384,,,,,,,,,,,,,,
61, 0.786791146, 0.460960031, 0.410457730, 0.553984284,-0.820615113,-0.140329093, 0.272141725, 0.337796837,-0.901017308,-2.060064554, 7.600709915,43.226432800, 0.312024742,-0.622678697, 0.772811949, 0.122609288, 0.767637849, 0.633695781,-0.095717803,-0.151668832, 0.034518085,-0.987828493,140.952484131,-187.019439697,-1532.298706055, 0.122956373,,,,,,,,,,,,,,
62, 0.787297368, 0.460442752, 0.410067558, 0.553329885,-0.821035266,-0.140453473, 0.272009134, 0.337481260,-0.901175618,-2.073069096, 7.592613220,43.228305817, 0.311413676,-0.622673810, 0.772806525, 0.122667953, 0.767660201, 0.633693933,-0.095550142,-0.151575714, 0.034670729,-0.987837374,140.953659058,-187.018020630,-1532.301635742, 0.123949789,,,,,,,,,,,,,,
63, 0.788601339, 0.459457815, 0.408664227, 0.552172124,-0.821576595,-0.141837433, 0.270580649, 0.337506205,-0.901596189,-2.056367636, 7.600949287,43.202228546, 0.313233286,-0.622612238, 0.772858441, 0.122652985, 0.767669678, 0.633640289,-0.095829226,-0.151780307, 0.034492522,-0.987812161,140.953094482,-187.017059326,-1532.301635742, 0.122994490,,,,,,,,,,,,,,
64, 0.790725589, 0.458838850, 0.405240625, 0.550795138,-0.822151244,-0.143847570, 0.267166227, 0.336948514,-0.902822196,-2.073046684, 7.586405754,43.206398010, 0.311585575,-0.622640312, 0.772819936, 0.122753307, 0.767648160, 0.633680284,-0.095737025,-0.151773825, 0.034621619,-0.987808704,140.953765869,-187.017715454,-1532.301147461, 0.123106748,,,,,,,,,,,,,,
65, 0.792471409, 0.458024770, 0.402743548, 0.549510002,-0.822695076,-0.145641640, 0.264627665, 0.336728424,-0.903651536,-2.082751036, 7.578254700,43.236171722, 0.311953932,-0.622656167, 0.772805095, 0.122766711, 0.767635047, 0.633697689,-0.095727362,-0.151775569, 0.034634799,-0.987807989,140.951751709,-187.017135620,-1532.298461914, 0.123427756,,,,,,,,,,,,,,
66, 0.792506158, 0.458651125, 0.401961595, 0.549572408,-0.822825849,-0.144664496, 0.264393836, 0.335554510,-0.904156566,-2.156722307, 7.542491436,43.359279633, 0.311702311,-0.622648120, 0.772784472, 0.122936875, 0.767627060, 0.633714139,-0.095682129,-0.151848495, 0.034793373,-0.987791240,140.949401855,-187.018218994,-1532.296752930, 0.123886697,,,,,,,,,,,,,,
67, 0.791435182, 0.458183765, 0.404596031, 0.549784064,-0.822874963,-0.143576488, 0.267147541, 0.336071938,-0.903154373,-2.166904688, 7.514842987,43.389667511, 0.311900586,-0.622616291, 0.772763908, 0.123227052, 0.767637491, 0.633721948,-0.095545970,-0.151926175, 0.035105232,-0.987768173,140.947189331,-187.019973755,-1532.301391602, 0.122529782,,,,,,,,,,,,,,
68, 0.792465806, 0.457004517, 0.403911978, 0.549102306,-0.822847188,-0.146318778, 0.265489489, 0.337741613,-0.903020501,-2.181066513, 7.527822495,43.383697510, 0.313619524,-0.622575760, 0.772856236, 0.122852318, 0.767646372, 0.633640885,-0.096011773,-0.152047545, 0.034532536,-0.987769723,140.947357178,-187.019699097,-1532.301757813, 0.123352997,,,,,,,,,,,,,,
69, 0.794395626, 0.455774635, 0.401503503, 0.547825515,-0.823123276,-0.149516612, 0.262341022, 0.338729203,-0.903570533,-2.179776907, 7.512585163,43.349525452, 0.311370403,-0.622533202, 0.772885978, 0.122880466, 0.767691910, 0.633599699,-0.095919296,-0.151991710, 0.034621388,-0.987775207,140.945449829,-187.020507813,-1532.300659180, 0.124205761,,,,,,,,,,,,,,
70, 0.796109438, 0.454865724, 0.399132758, 0.546527684,-0.823629498,-0.151465952, 0.259840846, 0.338720590,-0.904295921,-2.186470032, 7.509583473,43.368488312, 0.312173158,-0.622621953, 0.772811532, 0.122898988, 0.767636716, 0.633686125,-0.095790133,-0.151907116, 0.034700736,-0.987785459,140.945663452,-187.020034790,-1532.299804688, 0.122529827,,,,,,,,,,,,,,
71, 0.797911346, 0.454198837, 0.396283865, 0.545316160,-0.824056327,-0.153497294, 0.256841928, 0.338577211,-0.905205905,-2.185438871, 7.509808540,43.387626648, 0.312291563,-0.622609794, 0.772807360, 0.122987226, 0.767601490, 0.633695304,-0.096011557,-0.152134866, 0.034627445,-0.987752974,140.948623657,-187.018600464,-1532.297485352, 0.122268453,,,,,,,,,,,,,,
72, 0.799368024, 0.453450382, 0.394199759, 0.544439018,-0.824170351,-0.155978784, 0.254159123, 0.339302212,-0.905691564,-2.201675653, 7.498192310,43.345310211, 0.311056912,-0.622661352, 0.772805333, 0.122738928, 0.767620862, 0.633701682,-0.095814392,-0.151825726, 0.034557045,-0.987802982,140.952514648,-187.019836426,-1532.301757813, 0.122658044,,,,,,,,,,,,,,
73, 0.800217628, 0.452681035, 0.393359333, 0.543496311,-0.824674189,-0.156602234, 0.253502429, 0.339105219,-0.905949295,-2.208383322, 7.489193916,43.362293243, 0.311430871,-0.622696400, 0.772757173, 0.122863933, 0.767616630, 0.633746386,-0.095551975,-0.151703045, 0.034812529,-0.987812817,140.954849243,-187.019119263,-1532.303466797, 0.122802705,,,,,,,,,,,,,,
74, 0.801530004, 0.452106923, 0.391342551, 0.542523801,-0.825043380,-0.158023298, 0.251431167, 0.338973045,-0.906575799,-2.222179174, 7.470185280,43.357139587, 0.311009198,-0.622660100, 0.772791624, 0.122831076, 0.767679274, 0.633698702,-0.095364913,-0.151535109, 0.034914948,-0.987835050,140.956344604,-187.018829346,-1532.301147461, 0.122937500,,,,,,,,,,,,,,
75, 0.802973986, 0.452014863, 0.388478249, 0.541770816,-0.825229287,-0.159627900, 0.248429433, 0.338643193,-0.907526076,-2.221437693, 7.451360703,43.377891541, 0.311234564,-0.622693837, 0.772790194, 0.122668959, 0.767610133, 0.633721709,-0.095767997,-0.151746541, 0.034527794,-0.987816215,140.955383301,-187.020690918,-1532.303100586, 0.122227140,,,,,,,,,,,,,,
76, 0.804172873, 0.452039152, 0.385961920, 0.541230857,-0.825298846,-0.161093041, 0.245713577, 0.338441163,-0.908340514,-2.220076084, 7.394135952,43.399311066, 0.311599284,-0.622661591, 0.772809505, 0.122710995, 0.767594695, 0.633704364,-0.096006230,-0.151957020, 0.034412917,-0.987787843,140.954360962,-187.020446777,-1532.302001953, 0.122276932,,,,,,,,,,,,,,
77, 0.805017292, 0.451989740, 0.384255737, 0.540758371,-0.825441599,-0.161946073, 0.243982702, 0.338158906,-0.908912003,-2.242620230, 7.298058033,43.425598145, 0.311579049,-0.622660220, 0.772756875, 0.123049036, 0.767607570, 0.633742213,-0.095652856,-0.151897773, 0.034894139,-0.987780094,140.950942993,-187.019638062,-1532.300415039, 0.123312414,,,,,,,,,,,,,,
78, 0.805263877, 0.452722430, 0.382873982, 0.541086555,-0.825150311,-0.162333816, 0.242436424, 0.337889522,-0.909425795,-2.281115532, 7.203540325,43.475494385, 0.311138034,-0.622695446, 0.772724748, 0.123072729, 0.767603874, 0.633774340,-0.095469467,-0.151771948, 0.035022702,-0.987794876,140.949508667,-187.018920898,-1532.304077148, 0.122824825,,,,,,,,,,,,,,
79, 0.802345157, 0.458679557, 0.381910026, 0.546490312,-0.821828127,-0.161080107, 0.239980265, 0.337951988,-0.910053790,-2.539307594, 7.068561554,43.507751465, 0.313122094,-0.622624218, 0.772881389, 0.122448176, 0.767646253, 0.633629858,-0.096086048,-0.151849926, 0.034171384,-0.987812698,140.948837280,-187.017730713,-1532.299316406, 0.123055242,,,,,,,,,,,,,,
80, 0.794342875, 0.464503407, 0.391479254, 0.554201186,-0.818032563,-0.153895259, 0.248757914, 0.339203864,-0.907226682,-2.763339043, 6.851587772,43.494186401, 0.307729810,-0.622655153, 0.772808075, 0.122752659, 0.767607391, 0.633701444,-0.095923841,-0.151919261, 0.034498371,-0.987790644,140.949996948,-187.016662598,-1532.302124023, 0.123658776,,,,,,,,,,,,,,
81, 0.791090667, 0.464423269, 0.398103684, 0.555947959,-0.817340255,-0.151250646, 0.255141854, 0.340977907,-0.904785454,-2.838726282, 6.750066280,43.523384094, 0.313221365,-0.622707129, 0.772805750, 0.122503661, 0.767637670, 0.633705616,-0.095653310,-0.151552677, 0.034474429,-0.987847805,140.950653076,-187.018936157,-1532.300292969, 0.123277515,,,,,,,,,,,,,,
82, 0.793385863, 0.465599626, 0.392117023, 0.555990219,-0.816531181,-0.155408084, 0.247817844, 0.341311812,-0.906693161,-2.927947283, 6.593966484,43.554298401, 0.313570708,-0.622658134, 0.772825181, 0.122630075, 0.767655432, 0.633677721,-0.095695935,-0.151664168, 0.034551788,-0.987828076,140.948898315,-187.018646240,-1532.300781250, 0.123429157,,,,,,,,,,,,,,
83, 0.792129934, 0.467333317, 0.392593771, 0.558403671,-0.814569890,-0.157039195, 0.246405393, 0.343621224,-0.906205773,-3.030807972, 6.385828495,43.517650604, 0.311988592,-0.622579813, 0.772842228, 0.122919790, 0.767710447, 0.633637846,-0.095518090,-0.151707053, 0.034899175,-0.987809181,140.946838379,-187.017242432,-1532.299560547, 0.122354448,,,,,,,,,,,,,,
84, 0.789511621, 0.468777925, 0.396129608, 0.561263442,-0.812610745,-0.156994224, 0.248303741, 0.346281826,-0.904673517,-3.122701883, 6.207648754,43.515094757, 0.310801387,-0.622622252, 0.772771120, 0.123151682, 0.767625451, 0.633720279,-0.095654681,-0.151962891, 0.034977626,-0.987767100,140.945938110,-187.018447876,-1532.300659180, 0.122006126,,,,,,,,,,,,,,
85, 0.788592696, 0.469785005, 0.396766365, 0.562771857,-0.811410785,-0.157798588, 0.247809097, 0.347727776,-0.904254436,-3.229287863, 6.081698418,43.571723938, 0.312433332,-0.622675717, 0.772785306, 0.122791804, 0.767636418, 0.633716285,-0.095592923,-0.151687965, 0.034736071,-0.987817883,140.945693970,-187.018325806,-1532.302490234, 0.122853376,,,,,,,,,,,,,,
86, 0.787530780, 0.470222205, 0.398354590, 0.563365698,-0.811339438,-0.156036735, 0.249828845, 0.347303003,-0.903861821,-3.320425034, 6.024511337,43.698078156, 0.311599880,-0.622673273, 0.772754908, 0.122995384, 0.767618001, 0.633743703,-0.095559001,-0.151791230, 0.034911439,-0.987795830,140.947525024,-187.017440796,-1532.300903320, 0.122495890,,,,,,,,,,,,,,
87, 0.787656605, 0.470590174, 0.397670686, 0.563369870,-0.811409116,-0.155658513, 0.249422252, 0.346641153,-0.904228091,-3.429558277, 6.032665730,43.766803741, 0.311040550,-0.622683287, 0.772732139, 0.123087734, 0.767604589, 0.633766294,-0.095517218,-0.151818067, 0.035005730,-0.987788379,140.950454712,-187.017623901,-1532.303833008, 0.123181589,,,,,,,,,,,,,,
88, 0.790161610, 0.470577210, 0.392685443, 0.562307477,-0.811495483,-0.159013927, 0.243834123, 0.346456617,-0.905821621,-3.524169922, 6.025981426,43.798652649, 0.313117683,-0.622664154, 0.772783160, 0.122863889, 0.767596245, 0.633725047,-0.095857099,-0.151938677, 0.034623086,-0.987783313,140.953109741,-187.016448975,-1532.303100586, 0.123022288,,,,,,,,,,,,,,
89, 0.792138577, 0.470377773, 0.388923138, 0.561379015,-0.811581194,-0.161832049, 0.239520490, 0.346526682,-0.906944931,-3.629199505, 5.953923225,43.772094727, 0.312878132,-0.622671902, 0.772751272, 0.123024844, 0.767616332, 0.633746624,-0.095552944,-0.151805237, 0.034937739,-0.987792790,140.953430176,-187.016677856,-1532.303710938, 0.121707030,,,,,,,,,,,,,,
90, 0.793188691, 0.471003860, 0.386014432, 0.561451018,-0.811095417,-0.164002880, 0.235848561, 0.346813411,-0.907797277,-3.752403975, 5.907006741,43.776493073, 0.311155915,-0.622681856, 0.772763729, 0.122896709, 0.767538846, 0.633756459,-0.096108891,-0.152156040, 0.034482732,-0.987754762,140.954635620,-187.016784668,-1532.300292969, 0.121574052,,,,,,,,,,,,,,
91, 0.794925570, 0.471941084, 0.381267548, 0.561270595,-0.810654163,-0.166778788, 0.230366364, 0.346570998,-0.909296393,-3.939054728, 5.851435184,43.805927277, 0.311433911,-0.622695863, 0.772812247, 0.122519538, 0.767619014, 0.633702755,-0.095822290,-0.151693612, 0.034380175,-0.987829447,140.954376221,-187.015869141,-1532.301391602, 0.122187629,,,,,,,,,,,,,,
92, 0.796084225, 0.472735673, 0.377850413, 0.560911000,-0.810776591,-0.167392567, 0.227219820, 0.345199019,-0.910609066,-4.111837864, 5.803180695,43.918968201, 0.311947942,-0.622668326, 0.772812247, 0.122659601, 0.767641187, 0.633692861,-0.095710061,-0.151694417, 0.034562934,-0.987823009,140.952621460,-187.016693115,-1532.305419922, 0.123548985,,,,,,,,,,,,,,
93, 0.796594203, 0.474083662, 0.375076413, 0.560802996,-0.811194241,-0.165722191, 0.225693658, 0.342357337,-0.912060261,-4.277434826, 5.766497135,44.143989563, 0.312391490,-0.622672141, 0.772764027, 0.122943841, 0.767573595, 0.633746564,-0.095896199,-0.152020365, 0.034656558,-0.987769544,140.950698853,-187.016555786,-1532.300170898, 0.123448439,,,,,,,,,,,,,,
94, 0.795413554, 0.475795597, 0.375414282, 0.562111437,-0.810750663,-0.163444608, 0.226601154, 0.341030687,-0.912332177,-4.526154041, 5.724149227,44.299980164, 0.313013464,-0.622583210, 0.772866130, 0.122751728, 0.767707169, 0.633620560,-0.095658861,-0.151709527, 0.034681786,-0.987816513,140.946884155,-187.016983032,-1532.303222656, 0.122202247,,,,,,,,,,,,,,
95, 0.793909073, 0.476889491, 0.377206594, 0.563616097,-0.809943020,-0.162262648, 0.228134513, 0.341421515,-0.911803722,-4.776348114, 5.684461594,44.373695374, 0.314085037,-0.622693658, 0.772828281, 0.122429855, 0.767697453, 0.633672059,-0.095395863,-0.151304990, 0.034586687,-0.987881839,140.943161011,-187.017303467,-1532.303588867, 0.121782318,,,,,,,,,,,,,,
96, 0.793677151, 0.477631301, 0.376755804, 0.564385235,-0.809258401,-0.163003549, 0.227037191, 0.342007577,-0.911857903,-4.971302986, 5.612623215,44.405319214, 0.315403819,-0.622736335, 0.772757351, 0.122660220, 0.767589867, 0.633759439,-0.095680647,-0.151675001, 0.034568924,-0.987825751,140.943374634,-187.018325806,-1532.297851563, 0.122436456,,,,,,,,,,,,,,
97, 0.793571413, 0.478883773, 0.375386149, 0.565000653,-0.808941185,-0.162444904, 0.225873098, 0.341005057,-0.912522256,-5.217130661, 5.545299530,44.516548157, 0.314286858,-0.622684538, 0.772799671, 0.122656770, 0.767627835, 0.633708656,-0.095712811,-0.151695475, 0.034555860,-0.987823069,140.945220947,-187.018890381,-1532.300292969, 0.123440377,,,,,,,,,,,,,,
98, 0.791678965, 0.480493456, 0.377320170, 0.566997766,-0.807850659,-0.160906553, 0.227503791, 0.341325998,-0.911997020,-5.482056618, 5.436171055,44.580825806, 0.310988665,-0.622756302, 0.772790015, 0.122352704, 0.767669141, 0.633719444,-0.095308453,-0.151190713, 0.034572460,-0.987899840,140.946365356,-187.018325806,-1532.301025391, 0.122349426,,,,,,,,,,,,,,
99, 0.791444957, 0.479389399, 0.379210621, 0.566882968,-0.807701528,-0.162055269, 0.228601426, 0.343225867,-0.911009014,-5.581943512, 5.313201904,44.561019897, 0.313439697,-0.622727692, 0.772754729, 0.122720562, 0.767592728, 0.633759320,-0.095658392,-0.151695773, 0.034630280,-0.987820387,140.950454712,-187.020202637,-1532.300292969, 0.122016922,,,,,,,,,,,,,,
100, 0.793211579, 0.477959663, 0.377319455, 0.565576792,-0.807901680,-0.165582836, 0.225695133, 0.344745368,-0.911159873,-5.695598125, 5.203055859,44.552005768, 0.314074785,-0.622681797, 0.772810876, 0.122599699, 0.767677963, 0.633687913,-0.095447168,-0.151452556, 0.034683876,-0.987855852,140.952880859,-187.019027710,-1532.302246094, 0.121295407,,,,,,,,,,,,,,
101, 0.795393050, 0.475968421, 0.375238538, 0.563219130,-0.809154868,-0.167489186, 0.223906532, 0.344561249,-0.911670685,-5.762013912, 5.140985012,44.632637024, 0.313164622,-0.622662842, 0.772804499, 0.122735806, 0.767680764, 0.633688807,-0.095418505,-0.151516169, 0.034808360,-0.987841666,140.954711914,-187.018493652,-1532.301147461, 0.122533113,,,,,,,,,,,,,,
102, 0.797432959, 0.475036234, 0.372076929, 0.561634004,-0.809763670,-0.169852972, 0.220608070, 0.344417423,-0.912528753,-5.826462746, 5.073963165,44.707328796, 0.313874632,-0.622691333, 0.772773027, 0.122790262, 0.767587185, 0.633739889,-0.095831648,-0.151873186, 0.034578692,-0.987794936,140.954162598,-187.018203735,-1532.299438477, 0.122549251,,,,,,,,,,,,,,
103, 0.798121572, 0.473319143, 0.372788042, 0.560410857,-0.810395777,-0.170875043, 0.221227437, 0.345293552,-0.912047565,-5.914190769, 5.017388344,44.775123596, 0.311236441,-0.622734010, 0.772783458, 0.122507423, 0.767663717, 0.633721828,-0.095336884,-0.151310399, 0.034674980,-0.987877905,140.951339722,-187.017227173,-1532.300170898, 0.122182593,,,,,,,,,,,,,,
104, 0.800377607, 0.470656395, 0.371319652, 0.558041573,-0.811238050,-0.174592480, 0.219055533, 0.346951693,-0.911942601,-5.949539661, 5.003753662,44.817646027, 0.312920004,-0.622752428, 0.772798300, 0.122319996, 0.767691314, 0.633707225,-0.095211357,-0.151094243, 0.034610897,-0.987913251,140.950073242,-187.018203735,-1532.304199219, 0.123144925,,,,,,,,,,,,,,
105, 0.802083552, 0.469632089, 0.368927747, 0.556479931,-0.811951041,-0.176254377, 0.216776550, 0.346671611,-0.912593424,-5.974649906, 5.006634235,44.945709229, 0.310794592,-0.622682035, 0.772794306, 0.122703090, 0.767609775, 0.633716464,-0.095805824,-0.151797161, 0.034531530,-0.987808287,140.947677612,-187.017974854,-1532.304077148, 0.123384118,,,,,,,,,,,,,,
106, 0.802522540, 0.468109071, 0.369907409, 0.555747807,-0.812056482,-0.178069234, 0.217029884, 0.348479778,-0.911844194,-5.962979794, 4.961085320,44.944118500, 0.310984284,-0.622656167, 0.772774875, 0.122956462, 0.767595470, 0.633730292,-0.095828876,-0.151975378, 0.034712382,-0.987774551,140.949630737,-187.017517090,-1532.305664063, 0.123002522,,,,,,,,,,,,,,
107, 0.803165019, 0.466553628, 0.370477706, 0.554973185,-0.812050283,-0.180496886, 0.216635048, 0.350573987,-0.911135137,-5.996277809, 4.934965134,44.930389404, 0.311168939,-0.622719526, 0.772787869, 0.122553416, 0.767650008, 0.633718967,-0.095466077,-0.151439443, 0.034629542,-0.987859786,140.950698853,-187.019531250,-1532.301269531, 0.123102590,,,,,,,,,,,,,,
108, 0.803560972, 0.465399772, 0.371069849, 0.554131269,-0.812537074,-0.180892348, 0.217320755, 0.350979447,-0.910815656,-5.984128475, 4.917890072,44.941627502, 0.311333567,-0.622719288, 0.772736967, 0.122875221, 0.767621696, 0.633765042,-0.095388353,-0.151584119, 0.034921508,-0.987827301,140.950607300,-187.019104004,-1532.300048828, 0.124184214,,,,,,,,,,,,,,
