Number of frames: 6542
Frequency: 100
Units: mm

Frame,Digitizing Probe R00,Digitizing Probe R01,Digitizing Probe R02,Digitizing Probe R10,Digitizing Probe R11,Digitizing Probe R12,Digitizing Probe R20,Digitizing Probe R21,Digitizing Probe R22,Digitizing Probe x,Digitizing Probe y,Digitizing Probe z,Digitizing Probe Error,HumMarker R00,HumMarker R01,HumMarker R02,HumMarker R10,HumMarker R11,HumMarker R12,HumMarker R20,HumMarker R21,HumMarker R22,HumMarker x,HumMarker y,HumMarker z,HumMarker Error,StemMarker R00,StemMarker R01,StemMarker R02,StemMarker R10,StemMarker R11,StemMarker R12,StemMarker R20,StemMarker R21,StemMarker R22,StemMarker x,StemMarker y,StemMarker z,StemMarker Error
1, 0.565262616, 0.764827847, 0.309057474, 0.818804979,-0.565712392,-0.097610563, 0.100182369, 0.308233410,-0.946020901,-12.070075989, 8.355690956,66.039413452, 0.319887280,-0.728332818, 0.676446140,-0.109324642, 0.672041535, 0.736315608, 0.078737125, 0.133758858,-0.016123867,-0.990882695,148.662002563,-224.435119629,-1472.024658203, 0.151668206,,,,,,,,,,,,,,
2, 0.563716948, 0.765404105, 0.310450971, 0.819563210,-0.565048754,-0.095058560, 0.102661707, 0.308020294,-0.945824564,-12.066667557, 8.350070953,66.016319275, 0.319849670,-0.728326380, 0.676457047,-0.109300293, 0.672008276, 0.736311078, 0.079062253, 0.133961245,-0.015867576,-0.990859509,148.661117554,-224.435653687,-1472.024658203, 0.151492774,,,,,,,,,,,,,,
3, 0.562243819, 0.766161799, 0.311252326, 0.820361912,-0.564227879,-0.093022868, 0.104346670, 0.307641089,-0.945763588,-12.054861069, 8.366696358,66.003776550, 0.318752587,-0.728300154, 0.676476598,-0.109354243, 0.672065079, 0.736288011, 0.078794397, 0.133818775,-0.016107198,-0.990874946,148.658996582,-224.437240601,-1472.025146484, 0.152293593,,,,,,,,,,,,,,
4, 0.560925007, 0.766941965, 0.311710089, 0.821045816,-0.563597262,-0.090785354, 0.106051847, 0.306852013,-0.945830286,-12.049362183, 8.373709679,66.027191162, 0.319341123,-0.728400290, 0.676379025,-0.109290577, 0.671981335, 0.736377060, 0.078676522, 0.133694217,-0.016133223,-0.990891337,148.657669067,-224.438552856,-1472.023559570, 0.151912153,,,,,,,,,,,,,,
5, 0.560164928, 0.767503321, 0.311695248, 0.821504831,-0.563071191,-0.089892849, 0.106513545, 0.306413949,-0.945920408,-12.045287132, 8.371045113,66.024215698, 0.319121689,-0.728376150, 0.676416814,-0.109217592, 0.672025323, 0.736342430, 0.078624614, 0.133604556,-0.016128693,-0.990903497,148.657104492,-224.439071655,-1472.020507813, 0.152743697,,,,,,,,,,,,,,
6, 0.559831142, 0.767722726, 0.311754465, 0.821633041,-0.563040853,-0.088905081, 0.107276037, 0.305919617,-0.945994198,-12.043548584, 8.360308647,66.021171570, 0.319361240,-0.728282154, 0.676538229,-0.109091923, 0.672109544, 0.736236513, 0.078895323, 0.133693174,-0.015863666,-0.990895748,148.658264160,-224.439926147,-1472.023803711, 0.152751803,,,,,,,,,,,,,,
7, 0.559554398, 0.767835200, 0.311974257, 0.821771085,-0.562904060,-0.088494591, 0.107662320, 0.305888951,-0.945960224,-12.074476242, 8.371830940,66.018974304, 0.319109142,-0.728225887, 0.676532865,-0.109500401, 0.672086895, 0.736238360, 0.079071239, 0.134112686,-0.016012060,-0.990836740,148.658523560,-224.439086914,-1472.024291992, 0.151567236,,,,,,,,,,,,,,
8, 0.559624553, 0.767898381, 0.311692953, 0.821763635,-0.562886417,-0.088675618, 0.107353859, 0.305762976,-0.946035981,-12.073806763, 8.360816002,65.995422363, 0.318574041,-0.728276610, 0.676490843,-0.109422669, 0.672024429, 0.736280501, 0.079210162, 0.134150729,-0.015847793,-0.990834177,148.657760620,-224.439117432,-1472.023803711, 0.150826991,,,,,,,,,,,,,,
9, 0.559753358, 0.768124878, 0.310902327, 0.821697652,-0.563034356,-0.088347085, 0.107187107, 0.304920316,-0.946326852,-12.083457947, 8.364901543,66.037879944, 0.318056732,-0.728260994, 0.676505506,-0.109435789, 0.672060788, 0.736264229, 0.079052031, 0.134052798,-0.015976990,-0.990845382,148.658157349,-224.438598633,-1472.023559570, 0.152134314,,,,,,,,,,,,,,
10, 0.560341358, 0.767957330, 0.310256630, 0.821440041,-0.563242018,-0.089413069, 0.106084146, 0.304959059,-0.946438670,-12.066905022, 8.368378639,66.004150391, 0.319439620,-0.728248298, 0.676529288,-0.109373502, 0.672097266, 0.736241639, 0.078952409, 0.133938938,-0.016012674,-0.990860224,148.659042358,-224.436813354,-1472.019653320, 0.152111277,,,,,,,,,,,,,,
11, 0.560740352, 0.768179476, 0.308983088, 0.821309626,-0.563349187,-0.089934193, 0.104979776, 0.304200530,-0.946805835,-12.049244881, 8.369831085,66.023643494, 0.318678647,-0.728301644, 0.676512420,-0.109122247, 0.672120810, 0.736255646, 0.078621045, 0.133529976,-0.016083498,-0.990914285,148.660934448,-224.436386108,-1472.019287109, 0.152067259,,,,,,,,,,,,,,
12, 0.560623467, 0.768141448, 0.309289575, 0.821366727,-0.563271224,-0.089901023, 0.105157226, 0.304440826,-0.946708918,-12.062417030, 8.354551315,65.999740601, 0.319370240,-0.728331506, 0.676473081,-0.109167032, 0.672053516, 0.736294627, 0.078830592, 0.133705869,-0.015951285,-0.990892708,148.662399292,-224.437011719,-1472.023437500, 0.150980681,,,,,,,,,,,,,,
13, 0.560556233, 0.768242359, 0.309160769, 0.821383476,-0.563308418,-0.089514084, 0.105384350, 0.304117233,-0.946787655,-12.053312302, 8.357927322,66.018638611, 0.319113761,-0.728292346, 0.676535428,-0.109041594, 0.672132492, 0.736236751, 0.078697585, 0.133522138,-0.015975546,-0.990917087,148.661773682,-224.437438965,-1472.021240234, 0.152421147,,,,,,,,,,,,,,
14, 0.560227931, 0.768214226, 0.309825122, 0.821517944,-0.563185930,-0.089049831, 0.106079802, 0.304415107,-0.946614265,-12.047015190, 8.371658325,66.005386353, 0.319340587,-0.728233099, 0.676579535,-0.109163389, 0.672188044, 0.736193120, 0.078631185, 0.133565590,-0.016116494,-0.990908921,148.661315918,-224.437698364,-1472.017456055, 0.152744561,,,,,,,,,,,,,,
15, 0.559588492, 0.768472612, 0.310339212, 0.821882963,-0.562738895,-0.088505663, 0.106625788, 0.304589272,-0.946496844,-12.063625336, 8.386252403,66.009719849, 0.318566084,-0.728247702, 0.676516950,-0.109453619, 0.672139227, 0.736245394, 0.078559756, 0.133731723,-0.016357102,-0.990882635,148.661544800,-224.438049316,-1472.013793945, 0.151772395,,,,,,,,,,,,,,
16, 0.558777213, 0.768716753, 0.311195314, 0.822257817,-0.562395036,-0.087200664, 0.107982084, 0.304608524,-0.946336865,-12.078351974, 8.395271301,66.037857056, 0.319098830,-0.728265464, 0.676469862,-0.109626323, 0.672093213, 0.736286402, 0.078568652, 0.133865684,-0.016460273,-0.990862787,148.661285400,-224.438858032,-1472.014282227, 0.151985899,,,,,,,,,,,,,,
17, 0.558300436, 0.768673241, 0.312157184, 0.822447181,-0.562224090,-0.086514197, 0.109001145, 0.305033714,-0.946083069,-12.077628136, 8.392966270,66.024841309, 0.318721861,-0.728223383, 0.676513433,-0.109636933, 0.672119617, 0.736248195, 0.078701116, 0.133962348,-0.016377138,-0.990851104,148.660690308,-224.439437866,-1472.014526367, 0.150787726,,,,,,,,,,,,,,
18, 0.558057070, 0.768798232, 0.312284470, 0.822607577,-0.561998546,-0.086454727, 0.109037176, 0.305134237,-0.946046472,-12.065116882, 8.405218124,66.035781860, 0.318916917,-0.728266060, 0.676472723,-0.109605066, 0.672114313, 0.736281812, 0.078431785, 0.133757174,-0.016547928,-0.990875959,148.660919189,-224.438018799,-1472.012451172, 0.151627630,,,,,,,,,,,,,,
19, 0.557800949, 0.768960416, 0.312342644, 0.822734892,-0.561885238,-0.085978560, 0.109386608, 0.304934114,-0.946070671,-12.083609581, 8.390010834,66.065551758, 0.319010913,-0.728330672, 0.676409781,-0.109563529, 0.672016740, 0.736344516, 0.078677781, 0.133894935,-0.016325081,-0.990861058,148.660247803,-224.437911987,-1472.014892578, 0.151462480,,,,,,,,,,,,,,
20, 0.558087111, 0.768868148, 0.312058568, 0.822629869,-0.561932206,-0.086674042, 0.108714826, 0.305080324,-0.946101010,-12.100076675, 8.371070862,66.052444458, 0.318483531,-0.728295326, 0.676449299,-0.109554790, 0.671995401, 0.736315608, 0.079129890, 0.134194255,-0.015990382,-0.990826070,148.658462524,-224.438079834,-1472.015502930, 0.149929717,,,,,,,,,,,,,,
21, 0.558396697, 0.768849611, 0.311549991, 0.822483897,-0.562094867,-0.087003388, 0.108228125, 0.304827273,-0.946238339,-12.101642609, 8.356722832,66.059707642, 0.319316387,-0.728260756, 0.676510811,-0.109405085, 0.672038972, 0.736263037, 0.079249144, 0.134163812,-0.015810441,-0.990833044,148.658782959,-224.437179565,-1472.014404297, 0.150183767,,,,,,,,,,,,,,
22, 0.558941543, 0.768872023, 0.310515970, 0.822336614,-0.562083125,-0.088459596, 0.106521681, 0.304792404,-0.946443200,-12.072197914, 8.365445137,66.032348633, 0.318005383,-0.728307962, 0.676490307,-0.109216809, 0.672073305, 0.736277759, 0.078819521, 0.133734554,-0.015996819,-0.990888059,148.658279419,-224.437881470,-1472.016235352, 0.152001768,,,,,,,,,,,,,,
23, 0.559192181, 0.768919110, 0.309947580, 0.822281182,-0.562049508,-0.089184880, 0.105629928, 0.304735571,-0.946561456,-12.132609367, 8.396075249,66.045928955, 0.319029391,-0.728226781, 0.676441669,-0.110056303, 0.672045290, 0.736308992, 0.078766264, 0.134316236,-0.016603123,-0.990799427,148.657531738,-224.438842773,-1472.013916016, 0.149535656,,,,,,,,,,,,,,
24, 0.559556186, 0.769117713, 0.308795869, 0.822066486,-0.562423944,-0.088803411, 0.105373926, 0.303541243,-0.946973681,-12.136600494, 8.380521774,66.043083191, 0.318581104,-0.728217244, 0.676483572,-0.109861635, 0.672060549, 0.736276269, 0.078942150, 0.134291589,-0.016346637,-0.990807056,148.659072876,-224.439987183,-1472.018920898, 0.149361804,,,,,,,,,,,,,,
25, 0.559716702, 0.769231200, 0.308221728, 0.821959376,-0.562632143,-0.088475741, 0.105357140, 0.302867085,-0.947191358,-12.134826660, 8.404177666,66.025596619, 0.317636490,-0.728193879, 0.676480711,-0.110033989, 0.672096610, 0.736271799, 0.078675956, 0.134237692,-0.016662123,-0.990809023,148.659667969,-224.439590454,-1472.017089844, 0.150378987,,,,,,,,,,,,,,
26, 0.559648335, 0.769399464, 0.307925612, 0.821863770,-0.563008189,-0.086957768, 0.106459379, 0.301738679,-0.947428167,-12.147572517, 8.385287285,66.034400940, 0.317934752,-0.728207946, 0.676490724,-0.109879643, 0.672062874, 0.736270010, 0.078980364, 0.134330571,-0.016331904,-0.990801990,148.660858154,-224.439788818,-1472.018676758, 0.150990471,,,,,,,,,,,,,,
27, 0.559814453, 0.769678950, 0.306923479, 0.821787834,-0.563169420,-0.086630814, 0.106172010, 0.300723165,-0.947783232,-12.133077621, 8.392184258,66.027572632, 0.318049788,-0.728240311, 0.676476598,-0.109751813, 0.672077000, 0.736281335, 0.078754827, 0.134084001,-0.016409231,-0.990834117,148.661712646,-224.439819336,-1472.019897461, 0.150680184,,,,,,,,,,,,,,
28, 0.560267270, 0.769740701, 0.305940837, 0.821580529,-0.563411295,-0.087023780, 0.105384782, 0.300111622,-0.948064864,-12.133029938, 8.392810822,66.000000000, 0.319713354,-0.728263617, 0.676447809,-0.109774753, 0.672048450, 0.736307561, 0.078753650, 0.134100705,-0.016420532,-0.990831673,148.663238525,-224.438369751,-1472.020019531, 0.150718957,,,,,,,,,,,,,,
29, 0.560793757, 0.769748211, 0.304955661, 0.821248233,-0.563932836,-0.086781651, 0.105174504, 0.299110919,-0.948404431,-12.136610031, 8.367727280,66.009719849, 0.319818527,-0.728302240, 0.676456273,-0.109465934, 0.672024906, 0.736307621, 0.078953400, 0.134009123,-0.016061895,-0.990849912,148.663238525,-224.438262939,-1472.018676758, 0.150574297,,,,,,,,,,,,,,
30, 0.561430991, 0.769514084, 0.304373831, 0.820863426,-0.564444184,-0.087098308, 0.104778655, 0.298749000,-0.948562324,-12.164964676, 8.351783752,66.010368347, 0.318064094,-0.728304982, 0.676449060,-0.109492168, 0.672001719, 0.736315846, 0.079074033, 0.134110376,-0.015988912,-0.990837395,148.663528442,-224.438873291,-1472.017944336, 0.151356816,,,,,,,,,,,,,,
31, 0.562514246, 0.769272566, 0.302980959, 0.820293784,-0.565111339,-0.088132121, 0.103420354, 0.298108995,-0.948912680,-12.174357414, 8.349666595,66.033485413, 0.319788843,-0.728325129, 0.676442087,-0.109401003, 0.672014892, 0.736321032, 0.078913599, 0.133934736,-0.016044339,-0.990860283,148.663223267,-224.439376831,-1472.018310547, 0.151417688,,,,,,,,,,,,,,
32, 0.563503623, 0.768898308, 0.302091211, 0.819777548,-0.565656781,-0.089426935, 0.102119714, 0.298040003,-0.949075222,-12.214390755, 8.337694168,66.033775330, 0.319413662,-0.728296697, 0.676447749,-0.109555386, 0.671994984, 0.736316860, 0.079121456, 0.134189010,-0.015996773,-0.990826666,148.661788940,-224.439483643,-1472.019897461, 0.150645316,,,,,,,,,,,,,,
33, 0.564495444, 0.768656790, 0.300851524, 0.819319248,-0.566059649,-0.091062799, 0.100303859, 0.297897965,-0.949313402,-12.236382484, 8.347738266,66.051620483, 0.319979727,-0.728256941, 0.676459789,-0.109745339, 0.672025204, 0.736301184, 0.079011269, 0.134253561,-0.016211126,-0.990814388,148.661361694,-224.441543579,-1472.020874023, 0.150827497,,,,,,,,,,,,,,
34, 0.565343738, 0.768609583, 0.299375713, 0.818986654,-0.566263616,-0.092770867, 0.098220997, 0.297632128,-0.949614525,-12.244408607, 8.373860359,66.069610596, 0.319562972,-0.728204548, 0.676494181,-0.109880880, 0.672121525, 0.736260056, 0.078573659, 0.134055525,-0.016635606,-0.990834177,148.659881592,-224.441574097,-1472.024291992, 0.151649266,,,,,,,,,,,,,,
35, 0.565629065, 0.768770874, 0.298421115, 0.819027722,-0.565914452,-0.094522074, 0.096215002, 0.297879606,-0.949742258,-12.266596794, 8.359875679,66.021713257, 0.318604261,-0.728287697, 0.676406205,-0.109870635, 0.672030807, 0.736341596, 0.078585349, 0.134057939,-0.016603708,-0.990834355,148.658142090,-224.440994263,-1472.025146484, 0.150678292,,,,,,,,,,,,,,
36, 0.565197468, 0.769323826, 0.297813207, 0.819283307,-0.565720141,-0.093464442, 0.096574508, 0.296819270,-0.950037718,-12.304602623, 8.332335472,66.079299927, 0.319737226,-0.728307366, 0.676422894,-0.109637566, 0.672011256, 0.736333728, 0.078825466, 0.134049192,-0.016268512,-0.990841091,148.657943726,-224.442108154,-1472.020263672, 0.150880918,,,,,,,,,,,,,,
37, 0.564677656, 0.769558370, 0.298192948, 0.819613039,-0.565280914,-0.093230084, 0.096816801, 0.297047794,-0.949941635,-12.342822075, 8.332253456,66.068550110, 0.320281595,-0.728326857, 0.676378787,-0.109780647, 0.671948850, 0.736374736, 0.078974493, 0.134256363,-0.016247738,-0.990813434,148.657104492,-224.440475464,-1472.019042969, 0.151726648,,,,,,,,,,,,,,
38, 0.564386189, 0.770014286, 0.297567129, 0.819888592,-0.564857066,-0.093376465, 0.096181698, 0.296672285,-0.950123429,-12.344075203, 8.348538399,66.075874329, 0.320188493,-0.728305042, 0.676422060,-0.109658629, 0.672044218, 0.736330211, 0.078577824, 0.133896723,-0.016466819,-0.990858495,148.659530640,-224.438873291,-1472.022705078, 0.151626572,,,,,,,,,,,,,,
39, 0.563924789, 0.770372629, 0.297514439, 0.820202410,-0.564447463,-0.093096823, 0.096212015, 0.296521664,-0.950167418,-12.381951332, 8.315552711,66.084724426, 0.319160312,-0.728318155, 0.676446319,-0.109421857, 0.672018349, 0.736317039, 0.078921862, 0.133955568,-0.016053272,-0.990857363,148.660903931,-224.438766479,-1472.025756836, 0.150868163,,,,,,,,,,,,,,
40, 0.563465238, 0.770514905, 0.298016191, 0.820509970,-0.563987017,-0.093177408, 0.096282691, 0.297027498,-0.950002253,-12.421907425, 8.334790230,66.095588684, 0.318219036,-0.728298843, 0.676415801,-0.109738193, 0.672007859, 0.736338496, 0.078809939, 0.134112746,-0.016347745,-0.990831256,148.662017822,-224.438003540,-1472.020996094, 0.151179343,,,,,,,,,,,,,,
41, 0.563037694, 0.770615160, 0.298564583, 0.820779562,-0.563598573,-0.093153208, 0.096485294, 0.297504485,-0.949832380,-12.449239731, 8.308605194,66.091903687, 0.319803864,-0.728361368, 0.676378250,-0.109554924, 0.671946347, 0.736378491, 0.078961395, 0.134081647,-0.016102605,-0.990839481,148.663742065,-224.438064575,-1472.020385742, 0.151935458,,,,,,,,,,,,,,
42, 0.563065410, 0.770790696, 0.298058778, 0.820877969,-0.563321590,-0.093958020, 0.095480971, 0.297574401,-0.949912012,-12.461066246, 8.299427986,66.114265442, 0.319267333,-0.728326797, 0.676452160,-0.109327629, 0.672026694, 0.736312509, 0.078892708, 0.133866444,-0.016011417,-0.990870059,148.663986206,-224.437835693,-1472.024780273, 0.150896579,,,,,,,,,,,,,,
43, 0.562686801, 0.771107495, 0.297954410, 0.821213245,-0.562747419,-0.094467863, 0.094828196, 0.297839910,-0.949894190,-12.482212067, 8.289898872,66.129707336, 0.318194568,-0.728397071, 0.676395655,-0.109208949, 0.671967089, 0.736366451, 0.078896791, 0.133783251,-0.015916625,-0.990882754,148.663970947,-224.438339233,-1472.024414063, 0.150981143,,,,,,,,,,,,,,
44, 0.562360942, 0.771249533, 0.298201799, 0.821431875,-0.562430024,-0.094457038, 0.094867699, 0.298071384,-0.949817657,-12.503684998, 8.280581474,66.151756287, 0.319501638,-0.728357911, 0.676438510,-0.109204948, 0.671964407, 0.736332476, 0.079236552, 0.134009793,-0.015669266,-0.990856171,148.664550781,-224.439102173,-1472.022705078, 0.151084065,,,,,,,,,,,,,,
45, 0.561772287, 0.771398962, 0.298924059, 0.821860909,-0.561713934,-0.094984427, 0.094638929, 0.299033612,-0.949537992,-12.518432617, 8.284087181,66.135063171, 0.318443447,-0.728312612, 0.676460803,-0.109369017, 0.671987534, 0.736309707, 0.079251722, 0.134140149,-0.015774583,-0.990836799,148.664123535,-224.439743042,-1472.023803711, 0.150839701,,,,,,,,,,,,,,
46, 0.561234415, 0.771608591, 0.299392909, 0.822275102,-0.561010778,-0.095554344, 0.094232112, 0.299811721,-0.949333072,-12.515869141, 8.292929649,66.150787354, 0.319960237,-0.728293478, 0.676482558,-0.109361090, 0.672036469, 0.736286461, 0.079051659, 0.133998170,-0.015921829,-0.990853667,148.662734985,-224.440628052,-1472.022949219, 0.151441291,,,,,,,,,,,,,,
47, 0.560869038, 0.771613419, 0.300064445, 0.822555244,-0.560491264,-0.096189775, 0.093962185, 0.300769448,-0.949056804,-12.524959564, 8.285812378,66.166145325, 0.319231600,-0.728297889, 0.676485121,-0.109316342, 0.672011554, 0.736287951, 0.079249732, 0.134099573,-0.015744433,-0.990842760,148.660110474,-224.440887451,-1472.022216797, 0.152353510,,,,,,,,,,,,,,
48, 0.560675800, 0.771564126, 0.300551891, 0.822750628,-0.560046971,-0.097102016, 0.093402736, 0.301721990,-0.948809683,-12.536543846, 8.295632362,66.184371948, 0.318739235,-0.728250027, 0.676512122,-0.109468065, 0.672055781, 0.736259103, 0.079142518, 0.134137735,-0.015933102,-0.990834594,148.659698486,-224.440521240,-1472.025634766, 0.151315570,,,,,,,,,,,,,,
49, 0.560552299, 0.771502256, 0.300940901, 0.822871804,-0.559763968,-0.097705215, 0.093076088, 0.302404672,-0.948624372,-12.552137375, 8.293190002,66.207405090, 0.319101959,-0.728266835, 0.676486433,-0.109514929, 0.672042370, 0.736280680, 0.079055667, 0.134113818,-0.016025050,-0.990836382,148.658004761,-224.439193726,-1472.026000977, 0.151256338,,,,,,,,,,,,,,
50, 0.560528994, 0.771372199, 0.301317334, 0.822866678,-0.559763014,-0.097754002, 0.093261570, 0.302737921,-0.948499858,-12.571089745, 8.256505013,66.218254089, 0.318119049,-0.728345990, 0.676444769,-0.109245382, 0.671939552, 0.736329734, 0.079471774, 0.134198889,-0.015523341,-0.990832806,148.656723022,-224.439392090,-1472.029052734, 0.151428565,,,,,,,,,,,,,,
51, 0.560865641, 0.771323502, 0.300815135, 0.822744071,-0.559788823,-0.098634019, 0.092314206, 0.302814305,-0.948568165,-12.571863174, 8.288007736,66.250183105, 0.320031673,-0.728383422, 0.676372290,-0.109444417, 0.671922684, 0.736387432, 0.079078577, 0.134080052,-0.015938660,-0.990842342,148.658309937,-224.439819336,-1472.028198242, 0.151249349,,,,,,,,,,,,,,
52, 0.561149657, 0.771206737, 0.300584674, 0.822663963,-0.559705257,-0.099769428, 0.091295965, 0.303265780,-0.948522508,-12.565678596, 8.307895660,66.223342896, 0.319856882,-0.728326678, 0.676410854,-0.109583758, 0.672012031, 0.736343980, 0.078722917, 0.133940384,-0.016305607,-0.990855217,148.658126831,-224.439483643,-1472.028198242, 0.151623115,,,,,,,,,,,,,,
53, 0.561126769, 0.771289587, 0.300414741, 0.822669804,-0.559738636,-0.099533871, 0.091384307, 0.302993268,-0.948601007,-12.578922272, 8.298318863,66.219360352, 0.319855303,-0.728264093, 0.676483870,-0.109549269, 0.672049820, 0.736281514, 0.078985229, 0.134091318,-0.016100457,-0.990838230,148.660003662,-224.439666748,-1472.029541016, 0.151690960,,,,,,,,,,,,,,
54, 0.560850263, 0.771617115, 0.300089955, 0.822837234,-0.559595287,-0.098954156, 0.091574214, 0.302423656,-0.948764503,-12.574848175, 8.290205002,66.229614258, 0.319341660,-0.728324413, 0.676445961,-0.109382182, 0.672004223, 0.736319482, 0.079018794, 0.133992165,-0.015953973,-0.990854025,148.661285400,-224.439132690,-1472.030273438, 0.151406482,,,,,,,,,,,,,,
55, 0.560939729, 0.771619499, 0.299916744, 0.822839200,-0.559491754,-0.099522419, 0.091007501, 0.302609324,-0.948759854,-12.589634895, 8.328514099,66.238563538, 0.319717407,-0.728263676, 0.676432908,-0.109866276, 0.672016919, 0.736322045, 0.078886710, 0.134258524,-0.016381674,-0.990810931,148.661544800,-224.439514160,-1472.032348633, 0.151045784,,,,,,,,,,,,,,
56, 0.560923040, 0.771567583, 0.300081372, 0.822866738,-0.559400976,-0.099803850, 0.090860404, 0.302909255,-0.948678195,-12.605469704, 8.299371719,66.238700867, 0.320106536,-0.728269935, 0.676446319,-0.109742083, 0.671982527, 0.736317098, 0.079225317, 0.134396642,-0.016047344,-0.990797698,148.663696289,-224.439880371,-1472.031738281, 0.150647908,,,,,,,,,,,,,,
57, 0.561443865, 0.771436393, 0.299443990, 0.822641551,-0.559527576,-0.100944199, 0.089675143, 0.303009570,-0.948758960,-12.596001625, 8.289242744,66.256896973, 0.319994003,-0.728272200, 0.676486790,-0.109476954, 0.672020018, 0.736283541, 0.079218373, 0.134196267,-0.015878169,-0.990827501,148.663543701,-224.439254761,-1472.031127930, 0.151072651,,,,,,,,,,,,,,
58, 0.562069654, 0.771246135, 0.298759222, 0.822445691,-0.559402049,-0.103210375, 0.087525927, 0.303724647,-0.948731005,-12.587644577, 8.298007011,66.240562439, 0.319753766,-0.728310406, 0.676443219,-0.109492011, 0.672018886, 0.736318469, 0.078903303, 0.133994594,-0.016114607,-0.990851045,148.664489746,-224.439147949,-1472.034423828, 0.150647819,,,,,,,,,,,,,,
59, 0.562790573, 0.770960331, 0.298139185, 0.822126627,-0.559539437,-0.104992434, 0.085875638, 0.304196924,-0.948730588,-12.600132942, 8.294960022,66.250228882, 0.319963843,-0.728273869, 0.676479280,-0.109512724, 0.672047913, 0.736285865, 0.078961059, 0.134048179,-0.016092520,-0.990844190,148.662063599,-224.439758301,-1472.030029297, 0.150749490,,,,,,,,,,,,,,
60, 0.563402176, 0.770786762, 0.297432214, 0.821820617,-0.559796393,-0.106013753, 0.084787481, 0.304164290,-0.948838890,-12.611851692, 8.293980598,66.282371521, 0.320703447,-0.728294194, 0.676457465,-0.109512143, 0.672021627, 0.736306489, 0.078992054, 0.134069264,-0.016065070,-0.990841746,148.660369873,-224.439926147,-1472.027709961, 0.150799870,,,,,,,,,,,,,,
61, 0.563780129, 0.770725250, 0.296874732, 0.821670949,-0.559825718,-0.107014678, 0.083719186, 0.304266065,-0.948901117,-12.611444473, 8.273088455,66.269683838, 0.318901688,-0.728318870, 0.676469624,-0.109272398, 0.672028363, 0.736298978, 0.079004489, 0.133901298,-0.015893692,-0.990867198,148.659164429,-224.441925049,-1472.030883789, 0.151909038,,,,,,,,,,,,,,
62, 0.563994765, 0.770576894, 0.296852142, 0.821570754,-0.559854209,-0.107632570, 0.083254747, 0.304589242,-0.948838234,-12.627212524, 8.270438194,66.257766724, 0.319359928,-0.728317916, 0.676458299,-0.109348871, 0.672001779, 0.736310303, 0.079125091, 0.134039521,-0.015854413,-0.990849137,148.657577515,-224.442993164,-1472.030029297, 0.152298555,,,,,,,,,,,,,,
63, 0.564134836, 0.770685911, 0.296302408, 0.821575463,-0.559688985,-0.108453050, 0.082253955, 0.304616928,-0.948916674,-12.618006706, 8.275360107,66.254730225, 0.320176512,-0.728383720, 0.676403165,-0.109252229, 0.671976566, 0.736358821, 0.078887448, 0.133808553,-0.015954608,-0.990878820,148.659072876,-224.442428589,-1472.027954102, 0.151306391,,,,,,,,,,,,,,
64, 0.564253569, 0.770780683, 0.295829356, 0.821577907,-0.559552073,-0.109138340, 0.081410214, 0.304628581,-0.948985696,-12.625936508, 8.287796974,66.272102356, 0.320488960,-0.728308082, 0.676469147,-0.109347217, 0.672053754, 0.736295402, 0.078821726, 0.133832321,-0.016080709,-0.990873516,148.659194946,-224.443084717,-1472.027954102, 0.151605770,,,,,,,,,,,,,,
65, 0.563949108, 0.770886123, 0.296135157, 0.821804762,-0.559162259,-0.109428562, 0.081230633, 0.305077404,-0.948856890,-12.623121262, 8.287509918,66.268684387, 0.320647240,-0.728345633, 0.676437438,-0.109293081, 0.672010303, 0.736326694, 0.078899406, 0.133845925,-0.015980041,-0.990873337,148.660644531,-224.442260742,-1472.028808594, 0.151721358,,,,,,,,,,,,,,
66, 0.563428223, 0.771038651, 0.296728820, 0.822171509,-0.558562875,-0.109733500, 0.081132941, 0.305788964,-0.948636115,-12.611060143, 8.282938004,66.252891541, 0.320915371,-0.728357971, 0.676439166,-0.109200209, 0.671989560, 0.736328959, 0.079054907, 0.133883119,-0.015801122,-0.990871131,148.662170410,-224.441726685,-1472.025878906, 0.151706472,,,,,,,,,,,,,,
67, 0.562685668, 0.771330237, 0.297379345, 0.822674811,-0.557807386,-0.109804586, 0.081184804, 0.306431979,-0.948424220,-12.594619751, 8.279228210,66.237365723, 0.319768608,-0.728378594, 0.676439345,-0.109061465, 0.671982527, 0.736331403, 0.079092048, 0.133806363,-0.015678443,-0.990883470,148.661666870,-224.440155029,-1472.025512695, 0.150823057,,,,,,,,,,,,,,
68, 0.562370777, 0.771432877, 0.297708511, 0.822989225,-0.557093740,-0.111064009, 0.080173127, 0.307470083,-0.948174238,-12.602327347, 8.311040878,66.204597473, 0.319531053,-0.728253782, 0.676487803,-0.109593488, 0.672044814, 0.736278355, 0.079057463, 0.134172708,-0.016077837,-0.990827560,148.663558960,-224.438323975,-1472.024536133, 0.151401311,,,,,,,,,,,,,,
69, 0.562094450, 0.771617115, 0.297752947, 0.823200941,-0.556745529,-0.111240938, 0.079937220, 0.307638437,-0.948139548,-12.595660210, 8.324821472,66.195678711, 0.320237696,-0.728253961, 0.676468313,-0.109712258, 0.672030449, 0.736294091, 0.079032108, 0.134243205,-0.016174536,-0.990816414,148.661376953,-224.438812256,-1472.024291992, 0.150476679,,,,,,,,,,,,,,
70, 0.561850131, 0.771857917, 0.297590137, 0.823264360,-0.556939423,-0.109792098, 0.080995776, 0.306682050,-0.948359549,-12.590434074, 8.297408104,66.234786987, 0.319554508,-0.728260696, 0.676537395,-0.109241016, 0.672062457, 0.736241043, 0.079254672, 0.134046450,-0.015698716,-0.990850687,148.659652710,-224.438415527,-1472.023437500, 0.151678681,,,,,,,,,,,,,,
71, 0.562119901, 0.771786332, 0.297266126, 0.823144495,-0.556988955,-0.110437907, 0.080339469, 0.306772321,-0.948386192,-12.577747345, 8.296752930,66.184928894, 0.318205804,-0.728292048, 0.676507831,-0.109214827, 0.672049284, 0.736266613, 0.079128154, 0.133942038,-0.015769340,-0.990863681,148.660156250,-224.437393188,-1472.021484375, 0.151546121,,,,,,,,,,,,,,
72, 0.562514365, 0.771739602, 0.296640605, 0.822841704,-0.557567179,-0.109774604, 0.080679663, 0.305838048,-0.948659003,-12.584152222, 8.298606873,66.217727661, 0.320531100,-0.728289366, 0.676518440,-0.109166659, 0.672080159, 0.736254990, 0.078973062, 0.133801237,-0.015853509,-0.990881324,148.658370972,-224.437271118,-1472.020019531, 0.151976734,,,,,,,,,,,,,,
73, 0.563172817, 0.771363974, 0.296367913, 0.822381437,-0.558247626,-0.109764814, 0.080778062, 0.305544049,-0.948745370,-12.610382080, 8.296409607,66.191131592, 0.319630921,-0.728198886, 0.676579356,-0.109393343, 0.672115982, 0.736199021, 0.079190925, 0.134114206,-0.015858267,-0.990839005,148.659072876,-224.439270020,-1472.023437500, 0.151584908,,,,,,,,,,,,,,
74, 0.563624322, 0.771348357, 0.295549154, 0.822053432,-0.558849216,-0.109159000, 0.080967799, 0.304481864,-0.949070632,-12.597521782, 8.299267769,66.200973511, 0.319966406,-0.728280842, 0.676522315,-0.109199882, 0.672096491, 0.736249566, 0.078885652, 0.133766264,-0.015941942,-0.990884721,148.658584595,-224.439605713,-1472.018920898, 0.151492521,,,,,,,,,,,,,,
75, 0.564153671, 0.771307349, 0.294644803, 0.821763337,-0.559188306,-0.109605759, 0.080222204, 0.303962797,-0.949300289,-12.589569092, 8.297451019,66.170845032, 0.318894982,-0.728366196, 0.676446319,-0.109100893, 0.672029614, 0.736319721, 0.078799970, 0.133637100,-0.015923794,-0.990902364,148.659622192,-224.439971924,-1472.018554688, 0.152175471,,,,,,,,,,,,,,
76, 0.564144194, 0.771355093, 0.294537872, 0.821705282,-0.559438109,-0.108763121, 0.080880716, 0.303381413,-0.949430346,-12.604928017, 8.282535553,66.177268982, 0.320655495,-0.728373766, 0.676440835,-0.109084792, 0.671990871, 0.736328959, 0.079043627, 0.133790627,-0.015730685,-0.990884721,148.661346436,-224.440612793,-1472.023925781, 0.151457295,,,,,,,,,,,,,,
77, 0.563520253, 0.771667302, 0.294914424, 0.821973860,-0.559403002,-0.106898509, 0.082485929, 0.302651435,-0.949525237,-12.596412659, 8.264575958,66.214256287, 0.321009576,-0.728394687, 0.676482499,-0.108685978, 0.672021389, 0.736296952, 0.079082303, 0.133522943,-0.015436177,-0.990925491,148.662551880,-224.440948486,-1472.024658203, 0.151927128,,,,,,,,,,,,,,
78, 0.562882662, 0.771629989, 0.296226680, 0.822292864,-0.559064329,-0.106214806, 0.083651230, 0.303371549,-0.949193418,-12.575084686, 8.275675774,66.172904968, 0.319341898,-0.728294969, 0.676579833,-0.108748198, 0.672128797, 0.736205280, 0.079023197, 0.133526504,-0.015540593,-0.990923345,148.662872314,-224.440917969,-1472.022705078, 0.152480930,,,,,,,,,,,,,,
79, 0.562014699, 0.771867573, 0.297253877, 0.822788417,-0.558477759,-0.105459765, 0.084608704, 0.303846985,-0.948956430,-12.575232506, 8.298882484,66.168144226, 0.319550812,-0.728289008, 0.676543713,-0.109012537, 0.672099233, 0.736234426, 0.079003096, 0.133707836,-0.015730154,-0.990895927,148.661407471,-224.440475464,-1472.023315430, 0.152567223,,,,,,,,,,,,,,
80, 0.560977638, 0.772196054, 0.298357666, 0.823365092,-0.557839692,-0.104330435, 0.085872188, 0.304184318,-0.948734879,-12.581019402, 8.312566757,66.181877136, 0.320452660,-0.728284180, 0.676512420,-0.109238639, 0.672065794, 0.736260653, 0.079043046, 0.133901715,-0.015849750,-0.990867853,148.661224365,-224.440597534,-1472.024780273, 0.152433708,,,,,,,,,,,,,,
81, 0.560066402, 0.772681355, 0.298812926, 0.823878586,-0.557314813,-0.103074320, 0.086889267, 0.303914040,-0.948728919,-12.567230225, 8.313769341,66.222129822, 0.321481287,-0.728274941, 0.676554024,-0.109042674, 0.672117054, 0.736223698, 0.078951374, 0.133694664,-0.015791135,-0.990896761,148.659332275,-224.439956665,-1472.024658203, 0.152689159,,,,,,,,,,,,,,
82, 0.559217095, 0.772982955, 0.299622267, 0.824411213,-0.556578398,-0.102793582, 0.087305605, 0.304495931,-0.948504031,-12.545953751, 8.304067612,66.189216614, 0.320135713,-0.728336632, 0.676516473,-0.108863197, 0.672071755, 0.736261487, 0.078984760, 0.133586273,-0.015636386,-0.990913868,148.657318115,-224.437866211,-1472.023681641, 0.152902901,,,,,,,,,,,,,,
83, 0.558387816, 0.773391664, 0.300113857, 0.824953973,-0.555816233,-0.102563143, 0.087486684, 0.304850161,-0.948373556,-12.537484169, 8.331868172,66.188194275, 0.319602311,-0.728249669, 0.676572800,-0.109094679, 0.672181129, 0.736200273, 0.078623496, 0.133510053,-0.016073853,-0.990917087,148.655761719,-224.438552856,-1472.021606445, 0.152638882,,,,,,,,,,,,,,
84, 0.557486415, 0.773549497, 0.301380306, 0.825474739,-0.555126548,-0.102107227, 0.088319220, 0.305705220,-0.948021114,-12.560741425, 8.320432663,66.140045166, 0.318676323,-0.728265822, 0.676504433,-0.109410264, 0.672041178, 0.736267745, 0.079186440, 0.134125233,-0.015859423,-0.990837455,148.656799316,-224.438491821,-1472.020996094, 0.150891781,,,,,,,,,,,,,,
85, 0.556789696, 0.774271488, 0.300813824, 0.825927138,-0.554620564,-0.101195097, 0.088485055, 0.304794699,-0.948298812,-12.532084465, 8.314953804,66.169181824, 0.319199920,-0.728348672, 0.676481903,-0.108997509, 0.672039747, 0.736291289, 0.078978978, 0.133681774,-0.015726428,-0.990899503,148.658065796,-224.437911987,-1472.023193359, 0.151747748,,,,,,,,,,,,,,
86, 0.556377947, 0.774504602, 0.300975472, 0.826220274,-0.554165840,-0.101293072, 0.088338390, 0.305029273,-0.948237062,-12.524442673, 8.336238861,66.156593323, 0.319589674,-0.728328347, 0.676473200,-0.109187096, 0.672061265, 0.736293375, 0.078776903, 0.133684188,-0.016004961,-0.990894735,148.657653809,-224.438171387,-1472.018676758, 0.152044579,,,,,,,,,,,,,,
87, 0.555924654, 0.774750352, 0.301180303, 0.826443732,-0.554001927,-0.100362659, 0.089098461, 0.304702640,-0.948270917,-12.535917282, 8.332990646,66.177368164, 0.319950908,-0.728343189, 0.676454067,-0.109206669, 0.672025740, 0.736312628, 0.078899577, 0.133782193,-0.015923716,-0.990882814,148.660598755,-224.439605713,-1472.020874023, 0.152099073,,,,,,,,,,,,,,
88, 0.555875957, 0.774783731, 0.301184416, 0.826444626,-0.554064989,-0.100005813, 0.089392878, 0.304503083,-0.948307276,-12.528675079, 8.328618050,66.175361633, 0.320743263,-0.728287995, 0.676531494,-0.109094977, 0.672089875, 0.736244321, 0.078990772, 0.133760303,-0.015793592,-0.990887821,148.662750244,-224.439620972,-1472.020751953, 0.152051151,,,,,,,,,,,,,,
89, 0.555767834, 0.774772346, 0.301413268, 0.826489508,-0.554030776,-0.099824898, 0.089650653, 0.304594368,-0.948253691,-12.536453247, 8.322985649,66.158531189, 0.319674373,-0.728269041, 0.676544189,-0.109142736, 0.672103524, 0.736231923, 0.078990079, 0.133794636,-0.015829191,-0.990882635,148.663391113,-224.439239502,-1472.023559570, 0.151688769,,,,,,,,,,,,,,
90, 0.555955350, 0.774635136, 0.301419944, 0.826370239,-0.554179311,-0.099987358, 0.089586973, 0.304672986,-0.948234439,-12.549739838, 8.327300072,66.171066284, 0.319819957,-0.728318095, 0.676469147,-0.109280393, 0.672028899, 0.736299157, 0.078997441, 0.133902401,-0.015904319,-0.990866840,148.663589478,-224.438201904,-1472.023681641, 0.151159644,,,,,,,,,,,,,,
91, 0.556689322, 0.774242520, 0.301073939, 0.825949013,-0.554651499,-0.100846320, 0.088911600, 0.304811776,-0.948253393,-12.514122963, 8.326591492,66.154983521, 0.319118410,-0.728324890, 0.676514506,-0.108954109, 0.672105610, 0.736257851, 0.078729868, 0.133480221,-0.015887750,-0.990924120,148.662353516,-224.439117432,-1472.020507813, 0.151648864,,,,,,,,,,,,,,
92, 0.557425976, 0.773807645, 0.300828844, 0.825498760,-0.555201769,-0.101503089, 0.088476837, 0.304914296,-0.948261142,-12.532859802, 8.328738213,66.178031921, 0.319327921,-0.728285968, 0.676537693,-0.109070040, 0.672132432, 0.736234605, 0.078718461, 0.133557141,-0.015979959,-0.990912318,148.660339355,-224.440765381,-1472.023315430, 0.151855201,,,,,,,,,,,,,,
93, 0.558405578, 0.773526609, 0.299732894, 0.824990869,-0.555712521,-0.102828331, 0.087024875, 0.304696798,-0.948465347,-12.553637505, 8.336471558,66.222602844, 0.319833696,-0.728338778, 0.676455200,-0.109229356, 0.672065079, 0.736306787, 0.078618869, 0.133608446,-0.016148059,-0.990902662,148.659835815,-224.442169189,-1472.021850586, 0.151787221,,,,,,,,,,,,,,
94, 0.559275985, 0.772893965, 0.299742043, 0.824499428,-0.556166172,-0.104307041, 0.086088099, 0.305473536,-0.948300958,-12.579206467, 8.339616776,66.188095093, 0.321228564,-0.728256702, 0.676488400,-0.109570101, 0.672097921, 0.736271679, 0.078666091, 0.133890063,-0.016352732,-0.990861297,148.658477783,-224.443313599,-1472.020385742, 0.151449338,,,,,,,,,,,,,,
95, 0.560146809, 0.772560835, 0.298973829, 0.823983550,-0.556802750,-0.104984887, 0.085362233, 0.305156440,-0.948468685,-12.590498924, 8.329208374,66.190284729, 0.319125056,-0.728285432, 0.676464438,-0.109527625, 0.672048271, 0.736297548, 0.078848533, 0.133983135,-0.016183613,-0.990851462,148.657302856,-224.443572998,-1472.020141602, 0.150695071,,,,,,,,,,,,,,
96, 0.560663819, 0.772295117, 0.298691034, 0.823609054,-0.557398200,-0.104763612, 0.085581414, 0.304741800,-0.948582232,-12.597925186, 8.327969551,66.194183350, 0.319388211,-0.728276551, 0.676470280,-0.109550022, 0.672058403, 0.736291230, 0.078820430, 0.133980408,-0.016220946,-0.990851164,148.657241821,-224.441894531,-1472.018432617, 0.151367456,,,,,,,,,,,,,,
97, 0.561065316, 0.772215784, 0.298141688, 0.823312521,-0.557923853,-0.104294516, 0.085802503, 0.303979844,-0.948806703,-12.584603310, 8.330946922,66.193336487, 0.319209427,-0.728242278, 0.676531136,-0.109402098, 0.672137022, 0.736235023, 0.078675769, 0.133772254,-0.016238179,-0.990879059,148.656829834,-224.442230225,-1472.021240234, 0.152888432,,,,,,,,,,,,,,
98, 0.561198771, 0.772263467, 0.297766864, 0.823146939,-0.558360338,-0.103261083, 0.086516440, 0.303055882,-0.949037433,-12.591427803, 8.341529846,66.207336426, 0.320469409,-0.728243053, 0.676517129,-0.109483674, 0.672122955, 0.736246824, 0.078684844, 0.133838654,-0.016284809,-0.990869343,148.656997681,-224.440109253,-1472.023071289, 0.151238233,,,,,,,,,,,,,,
99, 0.561036587, 0.772410035, 0.297692180, 0.823138952,-0.558632553,-0.101842411, 0.087636448, 0.302179366,-0.949214160,-12.597065926, 8.343975067,66.218978882, 0.320048839,-0.728316128, 0.676430285,-0.109534308, 0.672026098, 0.736327469, 0.078758352, 0.133927643,-0.016248940,-0.990857899,148.659393311,-224.439025879,-1472.022338867, 0.150078490,,,,,,,,,,,,,,
100, 0.560918689, 0.772330046, 0.298121691, 0.823088169,-0.558916509,-0.100688748, 0.088860184, 0.301858634,-0.949202418,-12.598827362, 8.327735901,66.198753357, 0.319265902,-0.728288829, 0.676474869,-0.109440528, 0.672024727, 0.736293137, 0.079089902, 0.134082630,-0.015946450,-0.990841866,148.661331177,-224.439559937,-1472.021118164, 0.150623098,,,,,,,,,,,,,,
101, 0.560632706, 0.772347450, 0.298613906, 0.823095441,-0.559219301,-0.098932400, 0.090580486, 0.301252484,-0.949232340,-12.600794792, 8.335015297,66.223739624, 0.320731610,-0.728196502, 0.676573873,-0.109442778, 0.672129214, 0.736201167, 0.079057954, 0.134060442,-0.015989967,-0.990844190,148.663787842,-224.440155029,-1472.019042969, 0.151030123,,,,,,,,,,,,,,
102, 0.560430527, 0.772278011, 0.299172640, 0.823164761,-0.559188068,-0.098531812, 0.091199815, 0.301488608,-0.949098110,-12.563798904, 8.346561432,66.189826965, 0.318302482,-0.728300333, 0.676483572,-0.109309748, 0.672077835, 0.736281455, 0.078746922, 0.133753732,-0.016113246,-0.990883589,148.665786743,-224.440338135,-1472.016601563, 0.152456999,,,,,,,,,,,,,,
103, 0.560285032, 0.772268891, 0.299468696, 0.823221207,-0.559156656,-0.098238051, 0.091583706, 0.301570266,-0.949035227,-12.566913605, 8.353549957,66.198402405, 0.318953872,-0.728303254, 0.676465929,-0.109399520, 0.672059298, 0.736296594, 0.078763321, 0.133831203,-0.016159380,-0.990872383,148.665252686,-224.442474365,-1472.020996094, 0.151395604,,,,,,,,,,,,,,
104, 0.560270369, 0.772125483, 0.299865484, 0.823222756,-0.559120238,-0.098431930, 0.091659054, 0.302004606,-0.948889732,-12.560478210, 8.380287170,66.197196960, 0.318535179,-0.728267193, 0.676468253,-0.109624945, 0.672099292, 0.736286879, 0.078511864, 0.133826196,-0.016501233,-0.990867436,148.664093018,-224.444473267,-1472.023803711, 0.151087329,,,,,,,,,,,,,,
105, 0.560349286, 0.772076547, 0.299843997, 0.823201597,-0.559088409,-0.098789252, 0.091366433, 0.302188545,-0.948859453,-12.556268692, 8.356065750,66.210670471, 0.319358915,-0.728341877, 0.676428974,-0.109370828, 0.672030628, 0.736330092, 0.078694433, 0.133764222,-0.016184095,-0.990881026,148.661148071,-224.443847656,-1472.021972656, 0.152324215,,,,,,,,,,,,,,
106, 0.560497165, 0.771612346, 0.300761312, 0.823140919,-0.558973908,-0.099936441, 0.091005512, 0.303583026,-0.948448956,-12.572367668, 8.370135307,66.195678711, 0.319149345,-0.728273094, 0.676438630,-0.109768361, 0.672049046, 0.736314833, 0.078679837, 0.134046152,-0.016469318,-0.990838230,148.659317017,-224.444015503,-1472.021728516, 0.151281491,,,,,,,,,,,,,,
107, 0.560755134, 0.771351039, 0.300950497, 0.823033512,-0.558957815,-0.100905508, 0.090385079, 0.304275632,-0.948286295,-12.580416679, 8.398221970,66.225219727, 0.319552600,-0.728217721, 0.676443100,-0.110107489, 0.672089994, 0.736301661, 0.078453474, 0.134141639,-0.016870931,-0.990818501,148.656921387,-224.444305420,-1472.021972656, 0.149631575,,,,,,,,,,,,,,
108, 0.561003864, 0.771254301, 0.300734907, 0.822907388,-0.559068918,-0.101318255, 0.089989386, 0.304316908,-0.948310673,-12.563790321, 8.396601677,66.260131836, 0.320962280,-0.728225589, 0.676475048,-0.109858826, 0.672140002, 0.736273289, 0.078291059, 0.133848071,-0.016826957,-0.990858972,148.654525757,-224.442596436,-1472.022216797, 0.151308596,,,,,,,,,,,,,,
