Number of frames: 5166
Frequency: 100
Units: mm

Frame,Digitizing Probe R00,Digitizing Probe R01,Digitizing Probe R02,Digitizing Probe R10,Digitizing Probe R11,Digitizing Probe R12,Digitizing Probe R20,Digitizing Probe R21,Digitizing Probe R22,Digitizing Probe x,Digitizing Probe y,Digitizing Probe z,Digitizing Probe Error,HumMarker R00,HumMarker R01,HumMarker R02,HumMarker R10,HumMarker R11,HumMarker R12,HumMarker R20,HumMarker R21,HumMarker R22,HumMarker x,HumMarker y,HumMarker z,HumMarker Error,StemMarker R00,StemMarker R01,StemMarker R02,StemMarker R10,StemMarker R11,StemMarker R12,StemMarker R20,StemMarker R21,StemMarker R22,StemMarker x,StemMarker y,StemMarker z,StemMarker Error
1, 0.748829007, 0.651647091, 0.120876662, 0.651150584,-0.757360578, 0.049069636, 0.123523310, 0.041964147,-0.991454005,15.146371841,32.571910858,84.450675964, 0.315174490,-0.603243232, 0.797386229, 0.016516903, 0.797101557, 0.603469253,-0.021308942,-0.026958900, 0.000311174,-0.999636471,134.805633545,-238.689971924,-1597.772705078, 0.141325623,-0.156229138, 0.986382902, 0.051392779,-0.986176670,-0.158681944, 0.047703721, 0.055209242,-0.043229647, 0.997538567,-116.351844788,297.307128906,-141.870254517, 0.119846091,
2, 0.749429643, 0.650819302, 0.121611737, 0.650396228,-0.758034945, 0.048659485, 0.123854481, 0.042628955,-0.991384268,15.134459496,32.594459534,84.442260742, 0.314263105,-0.603280425, 0.797363639, 0.016244870, 0.797076464, 0.603499115,-0.021398680,-0.026866294, 0.000038999,-0.999639034,134.804626465,-238.689285278,-1597.772338867, 0.141074911,-0.156235561, 0.986377656, 0.051473379,-0.986148775,-0.158713222, 0.048173930, 0.055687197,-0.043233927, 0.997511744,-116.352912903,297.264862061,-141.958267212, 0.121040456,
3, 0.749826491, 0.650326014, 0.121804573, 0.649918973,-0.758451045, 0.048552725, 0.123957895, 0.042756978,-0.991365850,15.146434784,32.577365875,84.444023132, 0.312867910,-0.603302479, 0.797341466, 0.016513018, 0.797058642, 0.603528380,-0.021238912,-0.026900738, 0.000348354,-0.999638021,134.803527832,-238.688308716,-1597.771362305, 0.140443072,-0.156228766, 0.986371040, 0.051620156,-0.986167490,-0.158699811, 0.047833730, 0.055373918,-0.043433115, 0.997520566,-116.367485046,297.304626465,-141.860137939, 0.120600834,
4, 0.750031888, 0.650204539, 0.121186569, 0.649806857,-0.758566320, 0.048250876, 0.123300992, 0.042558167,-0.991456330,15.132552147,32.587524414,84.454093933, 0.312934935,-0.603243232, 0.797390997, 0.016285004, 0.797109008, 0.603462994,-0.021203816,-0.026735129, 0.000189864,-0.999642551,134.801757813,-238.687362671,-1597.771728516, 0.140792683,-0.156364694, 0.986359060, 0.051437724,-0.986143887,-0.158828169, 0.047893081, 0.055409536,-0.043236215, 0.997527122,-116.321434021,297.289184570,-141.930541992, 0.119500667,
5, 0.750222564, 0.650143862, 0.120328873, 0.649607778,-0.758684695, 0.049063370, 0.123189926, 0.041358128,-0.991520941,15.129696846,32.564651489,84.459854126, 0.313017070,-0.603309333, 0.797335804, 0.016537273, 0.797062099, 0.603535652,-0.020899465,-0.026644725, 0.000572391,-0.999644816,134.801345825,-238.688247681,-1597.774902344, 0.141128823,-0.156307608, 0.986378312, 0.051242329,-0.986161590,-0.158754990, 0.047771368, 0.055255614,-0.043066189, 0.997543037,-116.331733704,297.334747314,-141.829025269, 0.119624779,
6, 0.750985920, 0.649459541, 0.119258165, 0.648710012,-0.759367406, 0.050363850, 0.123270035, 0.039541423,-0.991585135,15.167253494,32.578716278,84.469131470, 0.313823968,-0.603273690, 0.797359645, 0.016686736, 0.797090471, 0.603503942,-0.020730359,-0.026600061, 0.000794757,-0.999645829,134.801269531,-238.689361572,-1597.776000977, 0.140135884,-0.156181797, 0.986400306, 0.051202785,-0.986195862,-0.158616394, 0.047525115, 0.055000387,-0.043073416, 0.997556865,-116.311309814,297.372467041,-141.768936157, 0.119644985,
7, 0.751226902, 0.649452806, 0.117767394, 0.648469031,-0.759478092, 0.051777914, 0.123069063, 0.037471548,-0.991690397,15.204098701,32.631179810,84.471862793, 0.313123882,-0.603287041, 0.797353745, 0.016486244, 0.797069788, 0.603512168,-0.021280238,-0.026917526, 0.000302594,-0.999637604,134.803787231,-238.688781738,-1597.775390625, 0.139894620,-0.156142801, 0.986374497, 0.051815286,-0.986168802,-0.158633173, 0.048027448, 0.055592671,-0.043599479, 0.997501194,-116.363731384,297.298461914,-141.880462646, 0.119818285,
8, 0.750894427, 0.649866998, 0.117602795, 0.648518682,-0.759232044, 0.054683052, 0.124824531, 0.035206404,-0.991554022,15.198058128,32.634002686,84.498069763, 0.313365012,-0.603234529, 0.797394872, 0.016419057, 0.797110200, 0.603457868,-0.021307014,-0.026898311, 0.000234670,-0.999638200,134.805160522,-238.688705444,-1597.775634766, 0.139793918,-0.156254992, 0.986371458, 0.051533055,-0.986155808,-0.158727631, 0.047981322, 0.055507127,-0.043322302, 0.997517943,-116.342102051,297.297515869,-141.902359009, 0.120287307,
9, 0.750102162, 0.650780380, 0.117608257, 0.649102986,-0.758534849, 0.057360392, 0.126538977, 0.033313718,-0.991402090,15.161079407,32.633502960,84.498748779, 0.312913388,-0.603204846, 0.797421575, 0.016209465, 0.797148705, 0.603422523,-0.020861832,-0.026416831, 0.000337395,-0.999650955,134.805389404,-238.689270020,-1597.773315430, 0.139972597,-0.156360701, 0.986382544, 0.050997049,-0.986152053,-0.158796936, 0.047828108, 0.055274989,-0.042812411, 0.997552872,-116.260002136,297.318725586,-141.924285889, 0.120689765,
10, 0.749112964, 0.651984274, 0.117244661, 0.649969578,-0.757587910, 0.060001295, 0.127943039, 0.031257708,-0.991288841,15.178142548,32.638484955,84.468544006, 0.312755942,-0.603254020, 0.797381103, 0.016367529, 0.797104001, 0.603475928,-0.021023933,-0.026641497, 0.000363849,-0.999644995,134.805465698,-238.687698364,-1597.773315430, 0.139806852,-0.156264856, 0.986373603, 0.051462635,-0.986165583,-0.158725202, 0.047788400, 0.055305634,-0.043283034, 0.997530878,-116.312835693,297.314636230,-141.890441895, 0.120369941,
11, 0.748908818, 0.652218938, 0.117243364, 0.649982393,-0.757437766, 0.061732385, 0.129067585, 0.029974198,-0.991182685,15.208690643,32.693710327,84.470451355, 0.313298613,-0.603261471, 0.797381222, 0.016088258, 0.797107518, 0.603475928,-0.020891806,-0.026367608, 0.000220850,-0.999652326,134.804687500,-238.685852051,-1597.774291992, 0.139458403,-0.156186044, 0.986411810, 0.050967205,-0.986174643,-0.158625156, 0.047933053, 0.055366412,-0.042776089, 0.997549355,-116.275802612,297.294158936,-141.965850830, 0.119839914,
12, 0.748577654, 0.652739286, 0.116459899, 0.650472641,-0.757009149, 0.061826527, 0.128517807, 0.029472018,-0.991269171,15.250453949,32.731052399,84.481002808, 0.314283282,-0.603290141, 0.797360420, 0.016043562, 0.797093213, 0.603503346,-0.020642538,-0.026141886, 0.000334776,-0.999658167,134.804626465,-238.687316895,-1597.772827148, 0.139646083,-0.156232581, 0.986408710, 0.050885513,-0.986175597,-0.158661246, 0.047794819, 0.055218779,-0.042714942, 0.997560203,-116.252204895,297.307342529,-141.953765869, 0.119399287,
13, 0.747742116, 0.653875947, 0.115446553, 0.651644707,-0.756033897, 0.061415542, 0.127439663, 0.029307146,-0.991413236,15.388883591,32.771549225,84.419090271, 0.312758058,-0.603292942, 0.797344983, 0.016692728, 0.797062159, 0.603523612,-0.021240933,-0.027010806, 0.000490637,-0.999635041,134.804672241,-238.688644409,-1597.774047852, 0.140188321,-0.156229958, 0.986351788, 0.051983226,-0.986177325,-0.158710629, 0.047593463, 0.055194192,-0.043829158, 0.997513175,-116.380706787,297.326354980,-141.807846069, 0.119944572,
14, 0.746830821, 0.655116856, 0.114305556, 0.652861953,-0.754980862, 0.061442740, 0.126550674, 0.028738419,-0.991543829,15.438799858,32.800552368,84.431678772, 0.312550038,-0.603249669, 0.797376037, 0.016771518, 0.797096252, 0.603482485,-0.021130605,-0.026970355, 0.000621482,-0.999636054,134.802215576,-238.687927246,-1597.775146484, 0.140280232,-0.156242907, 0.986370444, 0.051590756,-0.986192226,-0.158691302, 0.047350742, 0.054892372,-0.043480180, 0.997545183,-116.358757019,297.350494385,-141.779159546, 0.120304093,
15, 0.746043444, 0.656023562, 0.114246666, 0.653676391,-0.754211366, 0.062228393, 0.126989424, 0.028255267,-0.991501570,15.505795479,32.882999420,84.448669434, 0.312208921,-0.603244901, 0.797385216, 0.016502436, 0.797098577, 0.603470504,-0.021380952,-0.027007591, 0.000256119,-0.999635160,134.800765991,-238.687240601,-1597.774169922, 0.140829086,-0.156228900, 0.986369491, 0.051649634,-0.986167550,-0.158701316, 0.047827713, 0.055372667,-0.043463122, 0.997519314,-116.363410950,297.299224854,-141.880203247, 0.120043747,
16, 0.745133281, 0.656901419, 0.115138613, 0.654458642,-0.753447890, 0.063246533, 0.128297687, 0.028226363,-0.991333902,15.543051720,32.933368683,84.416152954, 0.312712759,-0.603253186, 0.797380745, 0.016420471, 0.797095716, 0.603476584,-0.021319287,-0.026908956, 0.000227758,-0.999637902,134.799209595,-238.687164307,-1597.772949219, 0.141193509,-0.156330734, 0.986347318, 0.051765282,-0.986134887,-0.158821508, 0.048101757, 0.055666480,-0.043527767, 0.997500181,-116.352798462,297.294189453,-141.897735596, 0.119767226,
17, 0.744014621, 0.658141017, 0.115293816, 0.655489802,-0.752402425, 0.064989798, 0.129519805, 0.027220562,-0.991203129,15.590426445,32.953681946,84.367889404, 0.311663300,-0.603243113, 0.797382414, 0.016702047, 0.797096670, 0.603474140,-0.021350775,-0.027103987, 0.000433437,-0.999632478,134.799682617,-238.687133789,-1597.771240234, 0.140882775,-0.156398013, 0.986333072, 0.051834788,-0.986136675,-0.158882290, 0.047864292, 0.055445757,-0.043630302, 0.997508049,-116.377418518,297.323913574,-141.815170288, 0.119987294,
18, 0.743629336, 0.658536911, 0.115518764, 0.655626357,-0.752103269, 0.067043602, 0.131032720, 0.025881551,-0.991040170,15.623078346,33.007518768,84.344970703, 0.312028855,-0.603274763, 0.797361076, 0.016577620, 0.797085524, 0.603502214,-0.020967655,-0.026723424, 0.000564524,-0.999642670,134.800338745,-238.686935425,-1597.770385742, 0.140812352,-0.156342402, 0.986370146, 0.051292829,-0.986172795,-0.158779100, 0.047459826, 0.054957185,-0.043163612, 0.997555375,-116.332229614,297.339416504,-141.818267822, 0.119719580,
19, 0.744759619, 0.657486141, 0.114215098, 0.654653132,-0.753033638, 0.066102974, 0.129469603, 0.025540451,-0.991254449,15.739749908,33.142143250,84.219505310, 0.311896652,-0.603302658, 0.797345519, 0.016308287, 0.797067106, 0.603523016,-0.021070177,-0.026642637, 0.000287105,-0.999644935,134.800872803,-238.688034058,-1597.772583008, 0.140754029,-0.156250313, 0.986381829, 0.051350068,-0.986180305,-0.158695534, 0.047583275, 0.055084299,-0.043205522, 0.997546494,-116.330673218,297.296997070,-141.910140991, 0.120001085,
20, 0.746227324, 0.656104565, 0.112568378, 0.653425276,-0.754240930, 0.064467922, 0.127201363, 0.025447302,-0.991550446,15.863604546,33.248321533,84.078598022, 0.312364340,-0.603321552, 0.797329009, 0.016418774, 0.797054887, 0.603544712,-0.020913342,-0.026584279, 0.000469193,-0.999646485,134.802795410,-238.689239502,-1597.772216797, 0.140877798,-0.156219959, 0.986388624, 0.051311672,-0.986200213,-0.158651546, 0.047317162, 0.054813784,-0.043211695, 0.997561157,-116.327972412,297.321624756,-141.861938477, 0.120089255,
21, 0.747328401, 0.655132532, 0.110912859, 0.652549267,-0.755097866, 0.063298404, 0.125218913, 0.025071409,-0.991812289,16.002794266,33.360977173,83.925369263, 0.310995191,-0.603271306, 0.797364712, 0.016532551, 0.797092795, 0.603497505,-0.020831384,-0.026587561, 0.000611002,-0.999646306,134.802703857,-238.687606812,-1597.770507813, 0.141991928,-0.156239629, 0.986400723, 0.051017039,-0.986194968,-0.158658653, 0.047401372, 0.054851044,-0.042906776, 0.997572243,-116.310653687,297.348358154,-141.819030762, 0.120160334,
22, 0.747971654, 0.654781878, 0.108623631, 0.652279437,-0.755425334, 0.062162083, 0.122759648, 0.024357483,-0.992137432,16.113857269,33.461414337,83.817626953, 0.311219305,-0.603310525, 0.797333419, 0.016607815, 0.797058940, 0.603538752,-0.020929329,-0.026711114, 0.000610523,-0.999643028,134.803527832,-238.687240601,-1597.771606445, 0.141938329,-0.156190425, 0.986391783, 0.051339813,-0.986194789,-0.158631355, 0.047497015, 0.054994769,-0.043212477, 0.997551143,-116.344276428,297.340606689,-141.806030273, 0.120935291,
23, 0.748298287, 0.654805899, 0.106202111, 0.652387202,-0.755427241, 0.060996659, 0.120168947, 0.023641201,-0.992471874,16.202732086,33.549343109,83.712516785, 0.311195642,-0.603309035, 0.797334790, 0.016597914, 0.797055006, 0.603537142,-0.021124778,-0.026860977, 0.000484681,-0.999639034,134.803955078,-238.688339233,-1597.770996094, 0.140438855,-0.156253263, 0.986368895, 0.051588703,-0.986182153,-0.158708155, 0.047502611, 0.055042643,-0.043453418, 0.997538030,-116.365715027,297.323028564,-141.825408936, 0.121078625,
24, 0.748345137, 0.654917240, 0.105181150, 0.652490556,-0.755348206, 0.060870778, 0.119313709, 0.023077356,-0.992588341,16.296073914,33.609455109,83.604377747, 0.310925692,-0.603252590, 0.797372520, 0.016834397, 0.797088563, 0.603487134,-0.021284495,-0.027131014, 0.000578580,-0.999631703,134.803421021,-238.687042236,-1597.769775391, 0.141019464,-0.156321391, 0.986336470, 0.051999643,-0.986154318,-0.158809423, 0.047740776, 0.055346504,-0.043816771, 0.997505307,-116.385276794,297.343170166,-141.766540527, 0.120785616,
25, 0.748390555, 0.654913902, 0.104877658, 0.652705193,-0.755312383, 0.058984429, 0.117845111, 0.024310799,-0.992734373,16.330266953,33.688385010,83.445991516, 0.309925586,-0.603307128, 0.797335267, 0.016642841, 0.797055662, 0.603536427,-0.021120613,-0.026884770, 0.000523052,-0.999638438,134.804229736,-238.688201904,-1597.771972656, 0.140640050,-0.156308487, 0.986354411, 0.051698387,-0.986151218,-0.158786029, 0.047883417, 0.055438995,-0.043497842, 0.997514129,-116.367362976,297.328308105,-141.812728882, 0.120390140,
26, 0.748910427, 0.654290140, 0.105060004, 0.652403593,-0.755781949, 0.056242429, 0.116201319, 0.026420983,-0.992874205,16.424060822,33.802734375,83.262290955, 0.310956597,-0.603263259, 0.797366619, 0.016729018, 0.797078669, 0.603495061,-0.021430241,-0.027183639, 0.000406266,-0.999630392,134.803665161,-238.687469482,-1597.770019531, 0.139936015,-0.156302601, 0.986348867, 0.051821232,-0.986156583,-0.158782586, 0.047783066, 0.055359080,-0.043635231, 0.997512579,-116.397483826,297.318389893,-141.808837891, 0.120045312,
27, 0.749269724, 0.654066026, 0.103887007, 0.652404964,-0.755944133, 0.054002114, 0.113853723, 0.027314253,-0.993121982,16.400386810,33.889694214,83.212203979, 0.308466196,-0.603344440, 0.797307253, 0.016633749, 0.797033012, 0.603573382,-0.020919038,-0.026718587, 0.000636263,-0.999642789,134.805038452,-238.686737061,-1597.770874023, 0.140971944,-0.156220630, 0.986377954, 0.051512539,-0.986186802,-0.158672273, 0.047524482, 0.055050716,-0.043376688, 0.997540891,-116.359115601,297.340545654,-141.794281006, 0.120922633,
28, 0.748448789, 0.655304313, 0.101983331, 0.653493047,-0.754934192, 0.054965217, 0.113009647, 0.025506744,-0.993266404,16.436674118,33.894451141,83.151756287, 0.312730342,-0.603313625, 0.797321558, 0.017056836, 0.797047257, 0.603553951,-0.020933509,-0.026985461, 0.000965633,-0.999635339,134.803771973,-238.685028076,-1597.770263672, 0.141279459,-0.156234965, 0.986364424, 0.051728006,-0.986216486,-0.158671543, 0.046908509, 0.054476649,-0.043686263, 0.997558951,-116.388465881,297.390563965,-141.667236328, 0.120435983,
29, 0.747196555, 0.656757295, 0.101818807, 0.654656410,-0.753731251, 0.057568140, 0.114552327, 0.023641618,-0.993135810,16.438642502,33.925590515,83.127929688, 0.310898244,-0.603293777, 0.797341287, 0.016836356, 0.797059298, 0.603528380,-0.021210935,-0.027073573, 0.000623149,-0.999633253,134.800994873,-238.685119629,-1597.770629883, 0.142008036,-0.156155407, 0.986388206, 0.051516525,-0.986201167,-0.158604249, 0.047454890, 0.054979678,-0.043395318, 0.997544050,-116.393478394,297.344787598,-141.758621216, 0.119110361,
30, 0.746223092, 0.657969713, 0.101128422, 0.655704498,-0.752713323, 0.058942232, 0.114902921, 0.022326311,-0.993125796,16.442085266,33.913959503,83.138168335, 0.310870200,-0.603316009, 0.797321498, 0.016978884, 0.797039330, 0.603554487,-0.021222102,-0.027168516, 0.000729204,-0.999630630,134.799926758,-238.687652588,-1597.770019531, 0.141055688,-0.156199560, 0.986368537, 0.051757049,-0.986189306,-0.158663720, 0.047501899, 0.055066343,-0.043622475, 0.997529328,-116.413871765,297.356750488,-141.715560913, 0.119213410,
31, 0.745208919, 0.659122586, 0.101099566, 0.656778932,-0.751716256, 0.059700068, 0.115347847, 0.021911044,-0.993083477,16.442741394,33.924438477,83.143638611, 0.311405957,-0.603340626, 0.797305465, 0.016852926, 0.797022521, 0.603575647,-0.021248324,-0.027113421, 0.000612185,-0.999632180,134.797973633,-238.686676025,-1597.768188477, 0.141082391,-0.156170741, 0.986366749, 0.051878218,-0.986193717,-0.158640906, 0.047486339, 0.055068951,-0.043745995, 0.997523725,-116.416687012,297.337005615,-141.755508423, 0.120063439,
32, 0.744523704, 0.660012960, 0.100336276, 0.657724321,-0.750933230, 0.059144072, 0.114381693, 0.021959446,-0.993194163,16.425279617,33.924800873,83.148139954, 0.309665650,-0.603251219, 0.797377408, 0.016651437, 0.797101021, 0.603480697,-0.021000063,-0.026793797, 0.000604563,-0.999640822,134.798202515,-238.685150146,-1597.770629883, 0.141152456,-0.156268999, 0.986370564, 0.051509026,-0.986167431,-0.158729658, 0.047736350, 0.055261739,-0.043336809, 0.997530997,-116.336853027,297.348205566,-141.797027588, 0.120368548,
33, 0.744217932, 0.660450518, 0.099722803, 0.658357978,-0.750517726, 0.057339560, 0.112713687, 0.022980172,-0.993361712,16.456520081,33.905021667,83.115623474, 0.309562355,-0.603258491, 0.797363698, 0.017038498, 0.797088921, 0.603498340,-0.020950694,-0.026988028, 0.000942515,-0.999635339,134.799560547,-238.687042236,-1597.769165039, 0.140594512,-0.156381205, 0.986321747, 0.052100163,-0.986153841,-0.158866867, 0.047560349, 0.055186789,-0.043941230, 0.997508705,-116.367347717,297.395355225,-141.672561646, 0.119688176,
34, 0.744467497, 0.660355210, 0.098484360, 0.658617079,-0.750545740, 0.053894293, 0.109506391, 0.024740936,-0.993678093,16.478258133,33.919368744,83.072685242, 0.310739100,-0.603365779, 0.797281861, 0.017068822, 0.797004342, 0.603606462,-0.021054951,-0.027089583, 0.000900089,-0.999632597,134.801071167,-238.686355591,-1597.770629883, 0.141203001,-0.156258687, 0.986354530, 0.051845346,-0.986199021,-0.158711821, 0.047139376, 0.054724608,-0.043763887, 0.997541904,-116.422279358,297.374298096,-141.673522949, 0.119625606,
35, 0.744822919, 0.660079479, 0.097641371, 0.658620596,-0.750737250, 0.051111516, 0.107040688, 0.026239589,-0.993908346,16.477180481,33.920227051,83.076240540, 0.310315788,-0.603328764, 0.797311902, 0.016972337, 0.797034860, 0.603566885,-0.021034716,-0.027015172, 0.000836695,-0.999634683,134.805450439,-238.685226440,-1597.770019531, 0.141176403,-0.156191364, 0.986382365, 0.051516831,-0.986222863,-0.158618405, 0.046953596, 0.054485720,-0.043473329, 0.997567713,-116.398010254,297.369415283,-141.700820923, 0.119867817,
36, 0.745090961, 0.660074353, 0.095610522, 0.658966362,-0.750686109, 0.047262207, 0.102970056, 0.027789475,-0.994296193,16.501688004,33.921707153,83.084297180, 0.309763074,-0.603270173, 0.797354937, 0.017034067, 0.797072709, 0.603510141,-0.021226849,-0.027205566, 0.000771864,-0.999629557,134.806152344,-238.686096191,-1597.770385742, 0.140975416,-0.156231746, 0.986363292, 0.051760845,-0.986187875,-0.158693135, 0.047433678, 0.055000927,-0.043635271, 0.997532368,-116.404624939,297.369323730,-141.699127197, 0.119402073,
37, 0.745700300, 0.659577012, 0.094282880, 0.658846796,-0.751039803, 0.043129113, 0.099257164, 0.029956581,-0.994610786,16.556241989,33.965534210,83.079689026, 0.309400558,-0.603276014, 0.797353923, 0.016872982, 0.797063470, 0.603511751,-0.021525949,-0.027346844, 0.000462748,-0.999625862,134.807250977,-238.686050415,-1597.770629883, 0.140990987,-0.156195164, 0.986355126, 0.052025363,-0.986178994,-0.158681005, 0.047658250, 0.055263396,-0.043862332, 0.997507930,-116.426361084,297.323486328,-141.772644043, 0.119820379,
38, 0.747152150, 0.658227742, 0.092195243, 0.657680869,-0.752206326, 0.040516581, 0.096018977, 0.030362993,-0.994916320,16.627147675,33.984825134,83.188636780, 0.310817838,-0.603327751, 0.797311842, 0.017011220, 0.797035456, 0.603566825,-0.021012660,-0.027021054, 0.000881024,-0.999634445,134.806762695,-238.685684204,-1597.770385742, 0.140747622,-0.156091720, 0.986397803, 0.051524598,-0.986231267,-0.158525199, 0.047091387, 0.054618787,-0.043464597, 0.997560859,-116.398468018,297.375671387,-141.686157227, 0.120078228,
39, 0.748265743, 0.657403171, 0.088991366, 0.657106519,-0.752901733, 0.036742058, 0.091156103, 0.030983984,-0.995354474,16.738908768,34.051723480,83.262313843, 0.309919655,-0.603334785, 0.797304749, 0.017094219, 0.797019541, 0.603576422,-0.021338487,-0.027330946, 0.000750174,-0.999626160,134.804565430,-238.685821533,-1597.770019531, 0.141792014,-0.156083971, 0.986375690, 0.051970161,-0.986219645,-0.158549085, 0.047255490, 0.054851484,-0.043878168, 0.997529924,-116.446868896,297.353942871,-141.690841675, 0.119875193,
40, 0.748576701, 0.657442987, 0.086032979, 0.657470882,-0.752799094, 0.032023303, 0.085819043, 0.032592285,-0.995777488,16.802261353,34.111537933,83.275619507, 0.308334529,-0.603327274, 0.797313154, 0.016967217, 0.797030151, 0.603565454,-0.021252649,-0.027185842, 0.000701081,-0.999630153,134.802536011,-238.686813354,-1597.773925781, 0.142053306,-0.156187356, 0.986355364, 0.052044339,-0.986182272,-0.158672512, 0.047618557, 0.055226825,-0.043887790, 0.997508824,-116.421195984,297.348632813,-141.726486206, 0.120021649,
41, 0.748186648, 0.658254087, 0.083176516, 0.658461988,-0.752062619, 0.028804014, 0.081514306, 0.033217795,-0.996118426,16.837493896,34.144351959,83.316024780, 0.309110850,-0.603373289, 0.797282159, 0.016789133, 0.797002017, 0.603606462,-0.021143371,-0.026991261, 0.000623627,-0.999635518,134.801193237,-238.686706543,-1597.771850586, 0.140977651,-0.156129956, 0.986379087, 0.051765971,-0.986178219,-0.158612177, 0.047903761, 0.055461984,-0.043571260, 0.997509718,-116.409416199,297.332122803,-141.770156860, 0.120326951,
42, 0.747197330, 0.659653723, 0.080950879, 0.659914494,-0.750844181, 0.027310750, 0.078797139, 0.033014141,-0.996343851,16.846561432,34.135810852,83.340660095, 0.309134513,-0.603274703, 0.797355473, 0.016851403, 0.797076702, 0.603509605,-0.021093303,-0.026988843, 0.000706804,-0.999635518,134.798980713,-238.685958862,-1597.773071289, 0.140151471,-0.156199723, 0.986360490, 0.051910732,-0.986198783,-0.158663750, 0.047305614, 0.054896735,-0.043805178, 0.997530699,-116.373603821,297.358520508,-141.744918823, 0.119580589,
43, 0.745714784, 0.661365032, 0.080658577, 0.661616683,-0.749341190, 0.027408501, 0.078567810, 0.032926131,-0.996364892,16.829683304,34.109886169,83.303916931, 0.308186948,-0.603339195, 0.797301471, 0.017091915, 0.797031224, 0.603580296,-0.020784155,-0.026887581, 0.001082895,-0.999637842,134.798507690,-238.685531616,-1597.771484375, 0.140850395,-0.156116903, 0.986387610, 0.051642444,-0.986234307,-0.158550397, 0.046944194, 0.054493103,-0.043602765, 0.997561693,-116.383941650,297.403320313,-141.641342163, 0.119316079,
44, 0.744023085, 0.663257003, 0.080745138, 0.663445532,-0.747686923, 0.028358549, 0.079181097, 0.032470588,-0.996331275,16.789377213,34.104137421,83.265731812, 0.308495909,-0.603436589, 0.797230184, 0.016979281, 0.796966434, 0.603674352,-0.020539353,-0.026624549, 0.001137719,-0.999644876,134.801269531,-238.685653687,-1597.771606445, 0.141989216,-0.156063274, 0.986433864, 0.050916880,-0.986243367,-0.158461824, 0.047052130, 0.054482196,-0.042873323, 0.997593939,-116.379699707,297.396911621,-141.654571533, 0.119363293,
45, 0.742622316, 0.664940298, 0.079789706, 0.665096164,-0.746214271, 0.028482901, 0.078479648, 0.031915791,-0.996404707,16.834878922,34.141773224,83.176147461, 0.309422076,-0.603431225, 0.797234476, 0.016966190, 0.796957731, 0.603669167,-0.021020856,-0.027000517, 0.000836695,-0.999635041,134.803329468,-238.685928345,-1597.770996094, 0.140479520,-0.156037539, 0.986421406, 0.051236060,-0.986219406,-0.158473462, 0.047512464, 0.054986864,-0.043116268, 0.997555733,-116.433105469,297.354370117,-141.697860718, 0.119904801,
46, 0.741412938, 0.666255653, 0.080064461, 0.666391075,-0.745040774, 0.028934818, 0.078929268, 0.031901591,-0.996369660,16.844818115,34.172901154,83.094085693, 0.310354769,-0.603318870, 0.797324598, 0.016728953, 0.797052622, 0.603550315,-0.020836078,-0.026709881, 0.000763056,-0.999642909,134.803314209,-238.685226440,-1597.767700195, 0.141149789,-0.156221822, 0.986391842, 0.051243525,-0.986185968,-0.158661008, 0.047579627, 0.055062503,-0.043102670, 0.997552156,-116.349243164,297.361633301,-141.754760742, 0.119982764,
47, 0.741174936, 0.666696131, 0.078587301, 0.666857064,-0.744658172, 0.028032083, 0.077209562, 0.031629823,-0.996513009,16.960233688,34.251091003,82.973999023, 0.309565067,-0.603364229, 0.797286928, 0.016887467, 0.797009349, 0.603600025,-0.021050610,-0.026976652, 0.000758284,-0.999635756,134.804458618,-238.685333252,-1597.770263672, 0.140331537,-0.156156272, 0.986379802, 0.051673118,-0.986201286,-0.158612415, 0.047424413, 0.054974481,-0.043554481, 0.997537374,-116.403320313,297.351562500,-141.732269287, 0.119689532,
48, 0.742378116, 0.665435910, 0.077909440, 0.665725827,-0.745743871, 0.025985263, 0.075392015, 0.032575436,-0.996621728,17.123176575,34.406372070,82.826423645, 0.309759378,-0.603322029, 0.797323167, 0.016682442, 0.797044575, 0.603552341,-0.021084011,-0.026879497, 0.000576200,-0.999638498,134.805236816,-238.685852051,-1597.770996094, 0.140505418,-0.156191498, 0.986372769, 0.051701553,-0.986177266,-0.158663526, 0.047752272, 0.055304687,-0.043528400, 0.997520268,-116.373649597,297.331970215,-141.798400879, 0.120257474,
49, 0.743154943, 0.664816380, 0.075761832, 0.665291548,-0.746245682, 0.022460364, 0.071468957, 0.033712178,-0.996873021,17.236473083,34.520423889,82.672607422, 0.308266729,-0.603271782, 0.797362208, 0.016634932, 0.797091424, 0.603500664,-0.020789614,-0.026616042, 0.000717775,-0.999645472,134.805587769,-238.685424805,-1597.771972656, 0.140592515,-0.156434447, 0.986352861, 0.051345874,-0.986155868,-0.158875331, 0.047489181, 0.054998677,-0.043206092, 0.997551203,-116.317291260,297.361938477,-141.783889771, 0.120790109,
50, 0.741848409, 0.666444182, 0.074250102, 0.666768312,-0.744879544, 0.023967646, 0.071280479, 0.031727258,-0.996951640,17.380268097,34.598209381,82.506210327, 0.308504790,-0.603264093, 0.797363400, 0.016854161, 0.797076941, 0.603499293,-0.021378225,-0.027217686, 0.000537347,-0.999629438,134.805099487,-238.684783936,-1597.771972656, 0.140892908,-0.156319708, 0.986349702, 0.051753357,-0.986167252,-0.158785835, 0.047552377, 0.055120975,-0.043604091, 0.997527063,-116.404067993,297.336151123,-141.766738892, 0.119972490,
51, 0.741883934, 0.666243792, 0.075679965, 0.666451037,-0.745088935, 0.026182733, 0.073832385, 0.031012442,-0.996788323,17.455333710,34.688003540,82.374824524, 0.310691684,-0.603310168, 0.797339916, 0.016305756, 0.797065556, 0.603530347,-0.020919176,-0.026520712, 0.000376005,-0.999648213,134.802734375,-238.685699463,-1597.774536133, 0.139752612,-0.156253844, 0.986397624, 0.051034413,-0.986159265,-0.158699706, 0.048003443, 0.055449627,-0.042827334, 0.997542560,-116.318611145,297.309570313,-141.897766113, 0.119666003,
52, 0.743908226, 0.664152384, 0.074176930, 0.664572537,-0.746886432, 0.022451658, 0.070313059, 0.032593973,-0.996992350,17.669567108,34.795028687,82.176803589, 0.312281221,-0.603375912, 0.797281384, 0.016732201, 0.796999216, 0.603607655,-0.021215731,-0.027014589, 0.000534490,-0.999634922,134.802352905,-238.686416626,-1597.773925781, 0.140398070,-0.156042084, 0.986397684, 0.051676814,-0.986197114,-0.158516198, 0.047831021, 0.055372022,-0.043499872, 0.997517705,-116.415786743,297.321105957,-141.793395996, 0.119719245,
53, 0.744934857, 0.663240790, 0.071998067, 0.663920641,-0.747598231, 0.017500820, 0.065432884, 0.034764033,-0.997251213,17.828882217,34.897167206,81.899894714, 0.310489118,-0.603304803, 0.797329187, 0.017014438, 0.797054529, 0.603543937,-0.020947929,-0.026971357, 0.000923448,-0.999635816,134.802551270,-238.685623169,-1597.773071289, 0.140251011,-0.156091601, 0.986404121, 0.051403224,-0.986223638,-0.158525318, 0.047249861, 0.054756172,-0.043319773, 0.997559607,-116.383476257,297.385040283,-141.685348511, 0.119554341,
54, 0.745178580, 0.663081586, 0.070934519, 0.663859010,-0.747699261, 0.015395848, 0.063246392, 0.035617866,-0.997362137,17.929161072,35.023281097,81.692001343, 0.310159266,-0.603329957, 0.797318041, 0.016640322, 0.797045052, 0.603559017,-0.020873250,-0.026686037, 0.000669630,-0.999643624,134.801300049,-238.684799194,-1597.771240234, 0.139888048,-0.156222984, 0.986394346, 0.051191781,-0.986185074,-0.158660293, 0.047602240, 0.055076681,-0.043048002, 0.997553706,-116.350631714,297.347412109,-141.789245605, 0.119683139,
55, 0.745602131, 0.662767887, 0.069398165, 0.663602829,-0.747961998, 0.013567000, 0.060898967, 0.035937235,-0.997496724,18.033544540,35.103008270,81.471015930, 0.310274780,-0.603371859, 0.797283053, 0.016796162, 0.797010005, 0.603605092,-0.020878399,-0.026784243, 0.000789272,-0.999640942,134.800933838,-238.686126709,-1597.771484375, 0.140081033,-0.156178489, 0.986397147, 0.051273096,-0.986206889,-0.158608153, 0.047321729, 0.054810353,-0.043175247, 0.997562885,-116.379653931,297.358551025,-141.741317749, 0.119707137,
56, 0.745738089, 0.662874281, 0.066876352, 0.663722277,-0.747885525, 0.011829912, 0.057857599, 0.035565309,-0.997691154,18.120018005,35.168964386,81.274192810, 0.309738010,-0.603259206, 0.797365606, 0.016923804, 0.797079980, 0.603496253,-0.021348821,-0.027236268, 0.000610753,-0.999628842,134.798507690,-238.686859131,-1597.768920898, 0.140491486,-0.156194299, 0.986385822, 0.051442195,-0.986182749,-0.158649117, 0.047686785, 0.055198830,-0.043283001, 0.997536778,-116.403839111,297.348358154,-141.740875244, 0.119924091,
57, 0.745249033, 0.663526714, 0.065849185, 0.664348483,-0.747331619, 0.011684694, 0.056964286, 0.035038795,-0.997761130,18.103200912,35.190608978,81.090209961, 0.309224427,-0.603285551, 0.797348499, 0.016791362, 0.797069728, 0.603518784,-0.021093598,-0.026952852, 0.000658424,-0.999636471,134.795761108,-238.685638428,-1597.763305664, 0.140086368,-0.156181291, 0.986396015, 0.051286083,-0.986175179,-0.158636123, 0.047886822, 0.055371199,-0.043098032, 0.997535229,-116.372451782,297.352233887,-141.754959106, 0.120334797,
58, 0.744862914, 0.663930774, 0.066145502, 0.664661884,-0.747023225, 0.013451149, 0.058342859, 0.033945132,-0.997719347,18.108751297,35.216670990,80.924613953, 0.308381170,-0.603362978, 0.797288179, 0.016874064, 0.797008157, 0.603598475,-0.021138387,-0.027038544, 0.000694649,-0.999634147,134.797119141,-238.685150146,-1597.765747070, 0.140599176,-0.156150371, 0.986392200, 0.051452912,-0.986180842,-0.158612758, 0.047847524, 0.055357516,-0.043270469, 0.997528553,-116.413566589,297.344573975,-141.736511230, 0.120841630,
59, 0.744419336, 0.664341509, 0.067009069, 0.664986134,-0.746696591, 0.015415522, 0.060276613, 0.033084486,-0.997633278,18.086914063,35.229068756,80.814445496, 0.308534712,-0.603339374, 0.797307312, 0.016810033, 0.797027886, 0.603573084,-0.021119168,-0.026984554, 0.000656040,-0.999635637,134.799270630,-238.686340332,-1597.768798828, 0.140624940,-0.156151906, 0.986399472, 0.051309016,-0.986183584,-0.158604965, 0.047816299, 0.055303838,-0.043133505, 0.997537494,-116.396331787,297.342529297,-141.758575439, 0.119560376,
60, 0.743717313, 0.664986551, 0.068391159, 0.665561199,-0.746142089, 0.017327121, 0.062551826, 0.032632023,-0.997508109,18.051948547,35.253456116,80.689758301, 0.308987767,-0.603375971, 0.797284007, 0.016600879, 0.797006786, 0.603604138,-0.021027852,-0.026785528, 0.000543312,-0.999641061,134.803451538,-238.686355591,-1597.768310547, 0.140444443,-0.156055063, 0.986418664, 0.051235408,-0.986220539,-0.158487856, 0.047441039, 0.054916915,-0.043125998, 0.997559190,-116.381233215,297.321807861,-141.813964844, 0.119616419,
61, 0.743023634, 0.665667713, 0.069299012, 0.666109800,-0.745588303, 0.019896077, 0.064912707, 0.031377491,-0.997397482,18.035890579,35.284500122,80.604965210, 0.308834374,-0.603349388, 0.797308862, 0.016370874, 0.797028542, 0.603571355,-0.021144256,-0.026739495, 0.000290679,-0.999642372,134.808120728,-238.685729980,-1597.767211914, 0.139453262,-0.156124681, 0.986411989, 0.051151752,-0.986193597,-0.158565745, 0.047739945, 0.055202167,-0.042992149, 0.997549236,-116.364952087,297.290618896,-141.890686035, 0.120845035,
62, 0.742339432, 0.666429460, 0.069310993, 0.666642606,-0.745010257, 0.023396444, 0.067229472, 0.028837556,-0.997320712,18.066379547,35.274925232,80.572639465, 0.309893131,-0.603342593, 0.797305107, 0.016800191, 0.797018349, 0.603576303,-0.021387046,-0.027192198, 0.000486345,-0.999630094,134.811218262,-238.687088013,-1597.771118164, 0.140021011,-0.156166881, 0.986384392, 0.051553354,-0.986166358,-0.158643335, 0.048042901, 0.055567365,-0.043337476, 0.997513950,-116.427856445,297.317840576,-141.782836914, 0.120079845,
63, 0.741783917, 0.666908622, 0.070635989, 0.666956306,-0.744629979, 0.026370322, 0.070184276, 0.027550040,-0.997153521,18.047460556,35.262889862,80.566383362, 0.309293181,-0.603372574, 0.797280908, 0.016873552, 0.797005832, 0.603607953,-0.020955602,-0.026892509, 0.000804284,-0.999638021,134.811584473,-238.686233521,-1597.768188477, 0.140218645,-0.156139299, 0.986391068, 0.051509067,-0.986198366,-0.158592016, 0.047553115, 0.055074893,-0.043373249, 0.997539759,-116.395111084,297.357391357,-141.722457886, 0.119584739,
64, 0.741357505, 0.667150795, 0.072792940, 0.667152464,-0.744399786, 0.027865136, 0.072777301, 0.027905965,-0.996957660,17.990364075,35.244323730,80.505630493, 0.309795201,-0.603351116, 0.797299445, 0.016763728, 0.797039926, 0.603582978,-0.020372149,-0.026361004, 0.001069802,-0.999651909,134.807861328,-238.684951782,-1597.770996094, 0.139369860,-0.156108066, 0.986423492, 0.050980143,-0.986235678,-0.158510059, 0.047052022, 0.054494087,-0.042933233, 0.997590661,-116.308670044,297.399261475,-141.709609985, 0.119543582,
65, 0.741207898, 0.667178571, 0.074051425, 0.667039752,-0.744408667, 0.030227613, 0.075291738, 0.026990300,-0.996796191,18.017070770,35.270275116,80.478942871, 0.308822215,-0.603304446, 0.797333896, 0.016804639, 0.797058761, 0.603537977,-0.020958077,-0.026852824, 0.000750184,-0.999639094,134.804397583,-238.685043335,-1597.769897461, 0.139530450,-0.156139478, 0.986400366, 0.051329199,-0.986213207,-0.158571839, 0.047312725, 0.054808658,-0.043234151, 0.997560441,-116.362258911,297.359069824,-141.746139526, 0.119923517,
66, 0.740997016, 0.667352557, 0.074592121, 0.667194843,-0.744251132, 0.030680200, 0.075989783, 0.027033543,-0.996742070,18.027717590,35.287406921,80.391921997, 0.308542430,-0.603325546, 0.797315598, 0.016914727, 0.797030509, 0.603562295,-0.021327961,-0.027214209, 0.000613851,-0.999629438,134.800857544,-238.685760498,-1597.769653320, 0.140374050,-0.156212166, 0.986363411, 0.051816359,-0.986192048,-0.158675373, 0.047405727, 0.054981258,-0.043695532, 0.997530818,-116.423255920,297.337066650,-141.743743896, 0.120889053,
67, 0.740886807, 0.667417526, 0.075103886, 0.667220592,-0.744198978, 0.031377044, 0.076833829, 0.026864024,-0.996681929,17.978504181,35.290046692,80.400802612, 0.310000092,-0.603348792, 0.797304928, 0.016587464, 0.797030151, 0.603576481,-0.020938246,-0.026705969, 0.000587643,-0.999643147,134.797561646,-238.686355591,-1597.770996094, 0.140834898,-0.156127825, 0.986392200, 0.051522098,-0.986198306,-0.158582687, 0.047586039, 0.055109013,-0.043381501, 0.997537434,-116.356941223,297.331481934,-141.809509277, 0.119863763,
68, 0.740809441, 0.667455077, 0.075532332, 0.667255759,-0.744159758, 0.031560283, 0.077273190, 0.027019225,-0.996643722,17.998285294,35.286037445,80.360755920, 0.309579939,-0.603292823, 0.797342241, 0.016823910, 0.797062397, 0.603527009,-0.021134563,-0.027005166, 0.000659376,-0.999635041,134.798095703,-238.683822632,-1597.767211914, 0.141550586,-0.156129837, 0.986381471, 0.051721342,-0.986198127,-0.158594251, 0.047552515, 0.055107623,-0.043583121, 0.997528791,-116.383506775,297.347015381,-141.748336792, 0.119102620,
69, 0.740894079, 0.667452991, 0.074716516, 0.667317748,-0.744150996, 0.030435631, 0.075914718, 0.027310075,-0.996740222,18.008600235,35.285842896,80.330993652, 0.309113950,-0.603298485, 0.797335148, 0.016960010, 0.797056437, 0.603536308,-0.021092784,-0.027053999, 0.000792841,-0.999633670,134.798675537,-238.685211182,-1597.771240234, 0.140938759,-0.156126559, 0.986403823, 0.051302753,-0.986228406,-0.158547342, 0.047078695, 0.054572519,-0.043245994, 0.997572839,-116.394142151,297.367218018,-141.705505371, 0.119788356,
70, 0.741263211, 0.667075157, 0.074428126, 0.667019725,-0.744465530, 0.029253211, 0.074923262, 0.027960697,-0.996797204,17.998336792,35.291343689,80.320930481, 0.310651004,-0.603331268, 0.797312498, 0.016854525, 0.797039330, 0.603566051,-0.020887012,-0.026826298, 0.000831932,-0.999639750,134.801147461,-238.686813354,-1597.770385742, 0.140965596,-0.156187847, 0.986394405, 0.051297449,-0.986206651,-0.158617720, 0.047295555, 0.054788753,-0.043202892, 0.997562885,-116.370811462,297.369567871,-141.719985962, 0.120374940,
71, 0.741944849, 0.666384697, 0.073819332, 0.666417301,-0.745060563, 0.027798912, 0.073524639, 0.028569220,-0.996884167,18.003200531,35.310150146,80.309211731, 0.309352756,-0.603300452, 0.797339976, 0.016661005, 0.797066510, 0.603530049,-0.020890733,-0.026712434, 0.000676541,-0.999642909,134.806137085,-238.685607910,-1597.768676758, 0.140441820,-0.156249374, 0.986371338, 0.051553901,-0.986168265,-0.158713982, 0.047769990, 0.055301271,-0.043376792, 0.997527063,-116.340965271,297.349304199,-141.779312134, 0.120155141,
72, 0.742757440, 0.665625691, 0.072483703, 0.665697515,-0.745744228, 0.026690979, 0.071820498, 0.028427299,-0.997012436,18.043706894,35.291007996,80.317131042, 0.309741855,-0.603187203, 0.797416806, 0.017076815, 0.797136903, 0.603428304,-0.021143066,-0.027164469, 0.000859333,-0.999630630,134.806686401,-238.684860229,-1597.771728516, 0.141012162,-0.156278372, 0.986360490, 0.051672615,-0.986193776,-0.158724815, 0.047203340, 0.054761235,-0.043582354, 0.997547865,-116.366851807,297.389770508,-141.677780151, 0.120084874,
73, 0.743367434, 0.665111363, 0.070934653, 0.665277302,-0.746187568, 0.024703559, 0.069361173, 0.028827393,-0.997175038,18.055469513,35.308818817,80.291305542, 0.308715403,-0.603263617, 0.797359407, 0.017060891, 0.797074318, 0.603504360,-0.021332497,-0.027305987, 0.000729678,-0.999626875,134.806365967,-238.685623169,-1597.769165039, 0.141010523,-0.156141058, 0.986371815, 0.051871277,-0.986204207,-0.158606380, 0.047384396, 0.054965749,-0.043757021, 0.997528970,-116.416450500,297.361816406,-141.697341919, 0.119509250,
74, 0.743781865, 0.664635539, 0.071050003, 0.664832413,-0.746597767, 0.024280749, 0.069183625, 0.029176764,-0.997177184,18.033535004,35.332077026,80.304481506, 0.308865249,-0.603268981, 0.797364414, 0.016629973, 0.797079504, 0.603498042,-0.021317367,-0.027033864, 0.000395304,-0.999634445,134.804367065,-238.685699463,-1597.769531250, 0.140557617,-0.156265631, 0.986353278, 0.051847983,-0.986146867,-0.158759266, 0.048061140, 0.055636615,-0.043619424, 0.997497857,-116.378318787,297.315704346,-141.826477051, 0.119899400,
75, 0.743987262, 0.664435208, 0.070773028, 0.664613605,-0.746788085, 0.024419909, 0.069077902, 0.028868617,-0.997193515,18.036256790,35.320457458,80.295478821, 0.308429509,-0.603307962, 0.797330141, 0.016854463, 0.797046423, 0.603543043,-0.021276666,-0.027136922, 0.000597408,-0.999631524,134.801803589,-238.685760498,-1597.770019531, 0.140236244,-0.156283155, 0.986353874, 0.051784620,-0.986154795,-0.158765286, 0.047878411, 0.055446655,-0.043585062, 0.997509956,-116.407577515,297.338531494,-141.755844116, 0.120089903,
