Number of frames: 5263
Frequency: 100
Units: mm

Frame,Digitizing Probe R00,Digitizing Probe R01,Digitizing Probe R02,Digitizing Probe R10,Digitizing Probe R11,Digitizing Probe R12,Digitizing Probe R20,Digitizing Probe R21,Digitizing Probe R22,Digitizing Probe x,Digitizing Probe y,Digitizing Probe z,Digitizing Probe Error,HumMarker R00,HumMarker R01,HumMarker R02,HumMarker R10,HumMarker R11,HumMarker R12,HumMarker R20,HumMarker R21,HumMarker R22,HumMarker x,HumMarker y,HumMarker z,HumMarker Error,StemMarker R00,StemMarker R01,StemMarker R02,StemMarker R10,StemMarker R11,StemMarker R12,StemMarker R20,StemMarker R21,StemMarker R22,StemMarker x,StemMarker y,StemMarker z,StemMarker Error
1, 0.850431204, 0.356587201, 0.386797696, 0.398722142,-0.916523457,-0.031709637, 0.343201876, 0.181191653,-0.921619296, 5.612075806,13.611359596,45.655551910, 0.319164693,-0.780777633, 0.624592423,-0.016451309, 0.622323871, 0.779748559, 0.068595164, 0.055671897, 0.043319527,-0.997509003,217.656723022,-185.819335938,-1536.212158203, 0.147626832,,,,,,,,,,,,,,
2, 0.850265145, 0.356185287, 0.387532294, 0.398763388,-0.916475534,-0.032563828, 0.343565077, 0.182221577,-0.921280861, 5.606453896,13.611925125,45.639472961, 0.320126414,-0.780747712, 0.624624550,-0.016649973, 0.622341335, 0.779725194, 0.068701297, 0.055894919, 0.043276414,-0.997498333,217.657775879,-185.819564819,-1536.212280273, 0.147476971,,,,,,,,,,,,,,
3, 0.850282967, 0.356002033, 0.387661487, 0.398941338,-0.916364431,-0.033496838, 0.343314260, 0.183135986,-0.921193004, 5.620189667,13.619259834,45.608547211, 0.319399863,-0.780754149, 0.624615550,-0.016683536, 0.622334361, 0.779736102, 0.068640560, 0.055882718, 0.043208666,-0.997501969,217.658386230,-185.820053101,-1536.211914063, 0.146871448,,,,,,,,,,,,,,
4, 0.850165069, 0.356113702, 0.387817532, 0.399063885,-0.916314125,-0.033413034, 0.343463838, 0.183170572,-0.921130359, 5.635380268,13.612302780,45.605442047, 0.317934692,-0.780714095, 0.624676406,-0.016276166, 0.622422993, 0.779681444, 0.068457782, 0.055454187, 0.043315299,-0.997521222,217.656555176,-185.819808960,-1536.209106445, 0.148704126,,,,,,,,,,,,,,
5, 0.850188196, 0.356343716, 0.387555361, 0.399174958,-0.916273594,-0.033196628, 0.343277335, 0.182925791,-0.921248496, 5.633775234,13.614460945,45.613227844, 0.318796784,-0.780717313, 0.624670088,-0.016364196, 0.622413099, 0.779689729, 0.068453550, 0.055519883, 0.043257583,-0.997520089,217.657257080,-185.821060181,-1536.212280273, 0.147225350,,,,,,,,,,,,,,
6, 0.850208402, 0.356728256, 0.387157112, 0.399284124,-0.916247249,-0.032605369, 0.343100399, 0.182307050,-0.921437085, 5.623099804,13.624822617,45.647144318, 0.319046497,-0.780717432, 0.624665320,-0.016537687, 0.622409761, 0.779706478, 0.068292834, 0.055554707, 0.043024190,-0.997528255,217.651611328,-185.820831299,-1536.208251953, 0.146386802,,,,,,,,,,,,,,
7, 0.850342393, 0.356888056, 0.386715174, 0.399242967,-0.916276515,-0.032285031, 0.342815906, 0.181846648,-0.921633899, 5.625098705,13.614503860,45.625751495, 0.318530232,-0.780736744, 0.624645174,-0.016388603, 0.622382522, 0.779706895, 0.068535946, 0.055588949, 0.043308549,-0.997514009,217.647598267,-185.820327759,-1536.208740234, 0.147106394,,,,,,,,,,,,,,
8, 0.850565612, 0.356924742, 0.386190295, 0.399198741,-0.916293204,-0.032359671, 0.342313558, 0.181690708,-0.921851397, 5.627534389,13.625230789,45.609901428, 0.318979293,-0.780762494, 0.624607325,-0.016602064, 0.622340083, 0.779747963, 0.068454333, 0.055702504, 0.043114446,-0.997516096,217.647628784,-185.818908691,-1536.205444336, 0.146485165,,,,,,,,,,,,,,
9, 0.850698650, 0.357293487, 0.385555714, 0.399255812,-0.916287780,-0.031805329, 0.341916144, 0.180992112,-0.922136247, 5.622402668,13.622681618,45.616481781, 0.318681389,-0.780764818, 0.624610484,-0.016371606, 0.622363567, 0.779745519, 0.068268180, 0.055406708, 0.043112304,-0.997532666,217.648132324,-185.818664551,-1536.206542969, 0.146639019,,,,,,,,,,,,,,
10, 0.850497365, 0.357268065, 0.386023045, 0.398957223,-0.916451812,-0.030809280, 0.342764348, 0.180209890,-0.921974480, 5.616825104,13.607455254,45.635051727, 0.318843573,-0.780745566, 0.624635756,-0.016324811, 0.622365296, 0.779703796, 0.068727128, 0.055657938, 0.043498404,-0.997501969,217.649536133,-185.818191528,-1536.206298828, 0.147304639,,,,,,,,,,,,,,
11, 0.850094199, 0.357532173, 0.386665970, 0.399288207,-0.916315615,-0.030569650, 0.343378484, 0.180378258,-0.921712995, 5.612954617,13.617972374,45.615833282, 0.318562806,-0.780743003, 0.624631822,-0.016596930, 0.622351587, 0.779718041, 0.068689041, 0.055846289, 0.043299362,-0.997500062,217.652038574,-185.817550659,-1536.205810547, 0.147101492,,,,,,,,,,,,,,
12, 0.849727571, 0.358314037, 0.386748046, 0.399896741,-0.916072547,-0.029894497, 0.343577653, 0.180061474,-0.921700776, 5.629931927,13.630014420,45.606079102, 0.318406731,-0.780750573, 0.624626875,-0.016429447, 0.622377455, 0.779734552, 0.068266951, 0.055451974, 0.043074142,-0.997531831,217.652984619,-185.817871094,-1536.207519531, 0.148301125,,,,,,,,,,,,,,
13, 0.849477053, 0.359214276, 0.386463225, 0.400358230,-0.915909529,-0.028689353, 0.343659699, 0.179094672,-0.921858490, 5.623451710,13.627371788,45.629066467, 0.318741828,-0.780745149, 0.624632537,-0.016468959, 0.622367620, 0.779720545, 0.068515338, 0.055638097, 0.043243267,-0.997514069,217.653442383,-185.817718506,-1536.205932617, 0.147692487,,,,,,,,,,,,,,
14, 0.849050462, 0.359996140, 0.386673063, 0.400898010,-0.915702045,-0.027758507, 0.344084352, 0.178584829,-0.921799004, 5.597816467,13.633451462,45.650623322, 0.318719357,-0.780743897, 0.624621749,-0.016933326, 0.622319758, 0.779732108, 0.068818294, 0.056188859, 0.043191515,-0.997485518,217.653625488,-185.815231323,-1536.202758789, 0.147280991,,,,,,,,,,,,,,
15, 0.848953366, 0.360798955, 0.386137635, 0.401600271,-0.915398479,-0.027619937, 0.343504548, 0.178521022,-0.922027588, 5.613540173,13.640118599,45.622966766, 0.317410350,-0.780776441, 0.624589741,-0.016607847, 0.622317135, 0.779758275, 0.068545386, 0.055762846, 0.043183271,-0.997509718,217.653732300,-185.815216064,-1536.203857422, 0.147056013,,,,,,,,,,,,,,
16, 0.848673940, 0.361267090, 0.386314124, 0.401973426,-0.915248215,-0.027167829, 0.343758464, 0.178344652,-0.921967089, 5.620967865,13.642726898,45.635509491, 0.318723917,-0.780751348, 0.624619544,-0.016665135, 0.622338474, 0.779731750, 0.068652444, 0.055875998, 0.043229133,-0.997501433,217.653823853,-185.815216064,-1536.202758789, 0.146509752,,,,,,,,,,,,,,
17, 0.848391771, 0.361996055, 0.386251450, 0.402688414,-0.914938450,-0.027011992, 0.343618095, 0.178455740,-0.921997845, 5.621639729,13.648512840,45.648342133, 0.317462355,-0.780731142, 0.624646187,-0.016614184, 0.622382045, 0.779720187, 0.068388224, 0.055672862, 0.043052450,-0.997520447,217.653457642,-185.814804077,-1536.204833984, 0.148409665,,,,,,,,,,,,,,
18, 0.847936988, 0.362633139, 0.386652440, 0.403335959,-0.914662898,-0.026681300, 0.343981117, 0.178574890,-0.921839476, 5.620042324,13.631164551,45.666229248, 0.317366660,-0.780775785, 0.624599576,-0.016262177, 0.622342467, 0.779738724, 0.068537213, 0.055488568, 0.043391556,-0.997515976,217.652206421,-185.815567017,-1536.209960938, 0.148345992,,,,,,,,,,,,,,
19, 0.847774088, 0.362934470, 0.386726946, 0.403836995,-0.914429128,-0.027111262, 0.343794793, 0.179158881,-0.921795666, 5.643964767,13.619382858,45.667381287, 0.318772227,-0.780840218, 0.624528408,-0.015900820, 0.622282743, 0.779779494, 0.068616182, 0.055251885, 0.043683466,-0.997516453,217.651748657,-185.815979004,-1536.209960938, 0.146830186,,,,,,,,,,,,,,
20, 0.847353220, 0.363005996, 0.387581170, 0.404517800,-0.914093792,-0.028246857, 0.344031781, 0.180718556,-0.921402633, 5.627770901,13.632087708,45.658096313, 0.319509178,-0.780816674, 0.624544859,-0.016403247, 0.622277260, 0.779783905, 0.068615586, 0.055644494, 0.043368824,-0.997508347,217.651687622,-185.816253662,-1536.207397461, 0.145996973,,,,,,,,,,,,,,
21, 0.847333312, 0.363114357, 0.387523204, 0.404928118,-0.913886428,-0.029066123, 0.343597859, 0.181547731,-0.921401620, 5.620995522,13.632436752,45.668136597, 0.317734808,-0.780774593, 0.624595702,-0.016466500, 0.622327209, 0.779746890, 0.068582311, 0.055675924, 0.043299776,-0.997509539,217.651184082,-185.816116333,-1536.205810547, 0.146760702,,,,,,,,,,,,,,
22, 0.847498298, 0.362924248, 0.387340426, 0.405167848,-0.913737953,-0.030364536, 0.342907608, 0.182671770,-0.921436608, 5.627461433,13.634446144,45.643989563, 0.318065584,-0.780744731, 0.624633670,-0.016442282, 0.622370064, 0.779718757, 0.068513408, 0.055616148, 0.043258306,-0.997514665,217.648803711,-185.817092896,-1536.207397461, 0.146202669,,,,,,,,,,,,,,
23, 0.847557843, 0.362481058, 0.387625068, 0.405029774,-0.913773954,-0.031113628, 0.342923582, 0.183370292,-0.921291888, 5.638843060,13.629938126,45.640335083, 0.318356156,-0.780764759, 0.624612510,-0.016295435, 0.622354686, 0.779730260, 0.068522550, 0.055506084, 0.043358456,-0.997516453,217.649154663,-185.815948486,-1536.207641602, 0.146406353,,,,,,,,,,,,,,
24, 0.847880363, 0.362117738, 0.387259036, 0.404914349,-0.913792074,-0.032067921, 0.342261910, 0.183996513,-0.921413064, 5.603854656,13.638449669,45.664398193, 0.318502784,-0.780760884, 0.624603331,-0.016827334, 0.622315943, 0.779750764, 0.068641447, 0.055994805, 0.043120638,-0.997499526,217.648803711,-185.816436768,-1536.210205078, 0.146275297,,,,,,,,,,,,,,
25, 0.848562121, 0.361687750, 0.386166155, 0.404674143,-0.913854241,-0.033304967, 0.340853602, 0.184532806,-0.921827853, 5.605612278,13.644324303,45.650112152, 0.317835152,-0.780743480, 0.624625266,-0.016817451, 0.622346878, 0.779739559, 0.068487428, 0.055892214, 0.043004829,-0.997510195,217.649154663,-185.816528320,-1536.208618164, 0.146133661,,,,,,,,,,,,,,
26, 0.849656701, 0.361582041, 0.383851439, 0.403994173,-0.914161921,-0.033116471, 0.338928044, 0.183211371,-0.922800839, 5.626437664,13.615437508,45.672481537, 0.316946805,-0.780856073, 0.624508083,-0.015918134, 0.622253358, 0.779789567, 0.068767451, 0.055358630, 0.043792371,-0.997505724,217.652328491,-185.817108154,-1536.207519531, 0.148553267,,,,,,,,,,,,,,
27, 0.850548208, 0.361324608, 0.382115632, 0.403419822,-0.914408386,-0.033313800, 0.337372631, 0.182487994,-0.923513889, 5.617384434,13.624146461,45.699726105, 0.316750675,-0.780812383, 0.624559760,-0.016037902, 0.622307062, 0.779758513, 0.068633892, 0.055371653, 0.043609690,-0.997513056,217.652511597,-185.817367554,-1536.205932617, 0.147377372,,,,,,,,,,,,,,
28, 0.851179063, 0.360977322, 0.381037444, 0.403155446,-0.914490700,-0.034240957, 0.336094975, 0.182762489,-0.923925340, 5.617362022,13.636386871,45.664756775, 0.317300647,-0.780802369, 0.624568105,-0.016195469, 0.622328937, 0.779773235, 0.068266161, 0.055265665, 0.043223470,-0.997535646,217.653259277,-185.817352295,-1536.208984375, 0.147737876,,,,,,,,,,,,,,
29, 0.851411283, 0.360505939, 0.380964935, 0.402642220,-0.914715946,-0.034264658, 0.336122066, 0.182565883,-0.923954368, 5.604657650,13.636811256,45.698139191, 0.318492264,-0.780790687, 0.624576449,-0.016435904, 0.622319341, 0.779769063, 0.068402037, 0.055538513, 0.043179292,-0.997522414,217.654296875,-185.817565918,-1536.204101563, 0.146631673,,,,,,,,,,,,,,
30, 0.851234734, 0.360050887, 0.381788939, 0.402546108,-0.914735675,-0.034861736, 0.336683959, 0.183363169,-0.923591852, 5.591731548,13.627697945,45.673088074, 0.316625595,-0.780786335, 0.624582946,-0.016395150, 0.622323811, 0.779759526, 0.068470508, 0.055549789, 0.043257751,-0.997518420,217.655334473,-185.818710327,-1536.203491211, 0.145781785,,,,,,,,,,,,,,
31, 0.851333439, 0.359301239, 0.382274717, 0.402156174,-0.914874136,-0.035716645, 0.336900234, 0.184140906,-0.923358202, 5.600720406,13.638632774,45.669170380, 0.318056136,-0.780755937, 0.624617398,-0.016532376, 0.622363448, 0.779745519, 0.068269700, 0.055533487, 0.043012828,-0.997529924,217.655822754,-185.819183350,-1536.205200195, 0.146417990,,,,,,,,,,,,,,
32, 0.851422369, 0.358734369, 0.382609040, 0.401770532,-0.915027261,-0.036132671, 0.337135643, 0.184485197,-0.923203588, 5.588348866,13.642986298,45.698108673, 0.317843884,-0.780683041, 0.624702156,-0.016766205, 0.622439921, 0.779687405, 0.068235129, 0.055699032, 0.042834055,-0.997528374,217.653839111,-185.819274902,-1536.204711914, 0.147571206,,,,,,,,,,,,,,
33, 0.851381183, 0.358421952, 0.382993191, 0.401607037,-0.915089309,-0.036378171, 0.337434232, 0.184784442,-0.923034549, 5.584145546,13.631134987,45.693546295, 0.318541795,-0.780803919, 0.624554873,-0.016627137, 0.622285426, 0.779789746, 0.068474911, 0.055732008, 0.043118656,-0.997514248,217.650955200,-185.819839478,-1536.204223633, 0.146255165,,,,,,,,,,,,,,
34, 0.851039708, 0.357940227, 0.384200841, 0.401527047,-0.915104985,-0.036862340, 0.338389605, 0.185638338,-0.922513366, 5.567021847,13.639158249,45.682678223, 0.317668200,-0.780751884, 0.624607384,-0.017092817, 0.622312725, 0.779759943, 0.068566337, 0.056155335, 0.042896219,-0.997500062,217.649108887,-185.819244385,-1536.204711914, 0.146511450,,,,,,,,,,,,,,
35, 0.850801289, 0.358018696, 0.384655416, 0.401644528,-0.915060639,-0.036684502, 0.338849276, 0.185705975,-0.922331035, 5.597579956,13.632670403,45.672180176, 0.316953361,-0.780780017, 0.624587297,-0.016533965, 0.622334540, 0.779770434, 0.068248197, 0.055519652, 0.042997163,-0.997531354,217.648254395,-185.818801880,-1536.207519531, 0.146881402,,,,,,,,,,,,,,
36, 0.850503206, 0.358358771, 0.384997755, 0.401860535,-0.914990008,-0.036075454, 0.339341134, 0.185397685,-0.922212183, 5.574087620,13.611634254,45.686775208, 0.317274362,-0.780769169, 0.624596536,-0.016691474, 0.622295201, 0.779736221, 0.068993397, 0.056107987, 0.043480895,-0.997477472,217.648101807,-185.819122314,-1536.204956055, 0.146058977,,,,,,,,,,,,,,
37, 0.850126147, 0.358966053, 0.385264814, 0.402093112,-0.914938092,-0.034776423, 0.340009898, 0.184476674,-0.922150552, 5.572412491,13.612303734,45.743015289, 0.318931341,-0.780717969, 0.624662161,-0.016630007, 0.622367322, 0.779684722, 0.068924539, 0.056020718, 0.043460656,-0.997483253,217.648010254,-185.818572998,-1536.204589844, 0.146325752,,,,,,,,,,,,,,
38, 0.850652635, 0.359587401, 0.383519262, 0.402771115,-0.914599299,-0.035825748, 0.337883979, 0.184945747,-0.922837734, 5.611782074,13.614224434,45.661716461, 0.317871034,-0.780738294, 0.624647379,-0.016226092, 0.622385979, 0.779694855, 0.068641677, 0.055528250, 0.043492299,-0.997509480,217.649337769,-185.817550659,-1536.208129883, 0.146857589,,,,,,,,,,,,,,
39, 0.850501776, 0.359984279, 0.383481383, 0.403193057,-0.914412975,-0.035835080, 0.337760329, 0.185094848,-0.922853053, 5.608836174,13.616947174,45.665756226, 0.318984509,-0.780821502, 0.624541819,-0.016290801, 0.622275352, 0.779779494, 0.068682812, 0.055598520, 0.043491654,-0.997505546,217.650939941,-185.819442749,-1536.208251953, 0.147828206,,,,,,,,,,,,,,
40, 0.850398660, 0.359980136, 0.383713901, 0.403432250,-0.914286673,-0.036363598, 0.337734342, 0.185726121,-0.922735751, 5.593785763,13.615117073,45.668804169, 0.318073422,-0.780826390, 0.624530137,-0.016501522, 0.622252166, 0.779794157, 0.068726182, 0.055789363, 0.043395109,-0.997499108,217.651000977,-185.818435669,-1536.205932617, 0.147888318,,,,,,,,,,,,,,
41, 0.850190103, 0.360148430, 0.384018064, 0.403766990,-0.914129317,-0.036603715, 0.337859392, 0.186173946,-0.922599792, 5.596104145,13.587566376,45.672729492, 0.318532646,-0.780814946, 0.624557376,-0.016002158, 0.622313082, 0.779764473, 0.068510287, 0.055266522, 0.043535501,-0.997521996,217.653900146,-185.817489624,-1536.209472656, 0.147878677,,,,,,,,,,,,,,
42, 0.850140870, 0.360196412, 0.384082109, 0.404308379,-0.913837016,-0.037904058, 0.337335527, 0.187511399,-0.922520578, 5.559517860,13.571965218,45.675216675, 0.317534089,-0.780795574, 0.624567151,-0.016558457, 0.622295201, 0.779773355, 0.068572782, 0.055740148, 0.043237075,-0.997508705,217.655807495,-185.818450928,-1536.211059570, 0.147027954,,,,,,,,,,,,,,
43, 0.849118948, 0.360383034, 0.386162132, 0.405009300,-0.913521588,-0.038023882, 0.339064270, 0.188686058,-0.921646953, 5.509644985,13.530535698,45.690608978, 0.316881418,-0.780824959, 0.624524593,-0.016776506, 0.622230053, 0.779804587, 0.068808302, 0.056054872, 0.043288395,-0.997488856,217.655715942,-185.816955566,-1536.206542969, 0.147701621,,,,,,,,,,,,,,
44, 0.849027097, 0.360386401, 0.386360854, 0.405523896,-0.913239479,-0.039293993, 0.338678956, 0.190040216,-0.921510279, 5.519956112,13.494402885,45.636585236, 0.316737592,-0.780825317, 0.624531090,-0.016514372, 0.622251272, 0.779792845, 0.068748608, 0.055813435, 0.043404564,-0.997497320,217.655120850,-185.816833496,-1536.207519531, 0.148016050,,,,,,,,,,,,,,
45, 0.849037468, 0.360542625, 0.386192173, 0.405711830,-0.913149297,-0.039450105, 0.338427663, 0.190177351,-0.921574354, 5.512437820,13.464761734,45.654438019, 0.316269010,-0.780785143, 0.624587774,-0.016267976, 0.622329831, 0.779747963, 0.068547115, 0.055498611, 0.043396525,-0.997515202,217.653076172,-185.817764282,-1536.210693359, 0.147488922,,,,,,,,,,,,,,
46, 0.849486291, 0.360423237, 0.385315508, 0.405712605,-0.913110316,-0.040333450, 0.337298483, 0.190590069,-0.921902955, 5.496415138,13.444888115,45.641841888, 0.317393214,-0.780741990, 0.624641061,-0.016294360, 0.622384965, 0.779708803, 0.068492398, 0.055488016, 0.043333527,-0.997518539,217.653244019,-185.818038940,-1536.211914063, 0.146971166,,,,,,,,,,,,,,
47, 0.849604666, 0.359990299, 0.385459185, 0.405407548,-0.913230240,-0.040684346, 0.337367028, 0.190833688,-0.921827495, 5.471003056,13.421628952,45.645259857, 0.316487998,-0.780735075, 0.624641240,-0.016613873, 0.622355700, 0.779707611, 0.068770759, 0.055911012, 0.043352004,-0.997494161,217.651412964,-185.817489624,-1536.210815430, 0.146236256,,,,,,,,,,,,,,
48, 0.850268781, 0.359978020, 0.384003609, 0.405167162,-0.913325131,-0.040947497, 0.335979968, 0.190402031,-0.922423184, 5.465871811,13.390082359,45.649139404, 0.315723270,-0.780773520, 0.624604285,-0.016191538, 0.622341871, 0.779726028, 0.068686888, 0.055527087, 0.043552231,-0.997506917,217.650131226,-185.817871094,-1536.209838867, 0.147210181,,,,,,,,,,,,,,
49, 0.850038350, 0.359419763, 0.385035247, 0.404593438,-0.913604140,-0.040392596, 0.337251902, 0.190118000,-0.922017515, 5.448315620,13.368997574,45.667575836, 0.317338586,-0.780753076, 0.624632001,-0.016109856, 0.622362375, 0.779692650, 0.068879999, 0.055585384, 0.043752100,-0.997494876,217.649459839,-185.819213867,-1536.209594727, 0.147058889,,,,,,,,,,,,,,
50, 0.850579500, 0.359059691, 0.384175330, 0.404334247,-0.913679957,-0.041264404, 0.336196899, 0.190433890,-0.922337592, 5.447741032,13.379580498,45.624980927, 0.315955490,-0.780744970, 0.624637067,-0.016300423, 0.622367799, 0.779702067, 0.068723388, 0.055636652, 0.043510586,-0.997502565,217.648559570,-185.819244385,-1536.211914063, 0.146972269,,,,,,,,,,,,,,
51, 0.850877941, 0.359015763, 0.383554906, 0.403896421,-0.913904727,-0.040568843, 0.335967779, 0.189435586,-0.922626615, 5.448417664,13.388406754,45.661937714, 0.317732066,-0.780800223, 0.624566913,-0.016348679, 0.622304082, 0.779766262, 0.068572789, 0.055576440, 0.043367799,-0.997512162,217.651412964,-185.819458008,-1536.213134766, 0.146764740,,,,,,,,,,,,,,
52, 0.851023972, 0.358844608, 0.383391142, 0.403711677,-0.913982093,-0.040665496, 0.335820019, 0.189386785,-0.922690392, 5.449168682,13.385906219,45.640804291, 0.318655074,-0.780824244, 0.624533415,-0.016479084, 0.622253239, 0.779788315, 0.068782777, 0.055807337, 0.043453094,-0.997495592,217.652969360,-185.818572998,-1536.210815430, 0.146026924,,,,,,,,,,,,,,
53, 0.850846767, 0.358865738, 0.383764416, 0.403618187,-0.914047420,-0.040120758, 0.336380929, 0.189030915,-0.922559083, 5.441470146,13.365737915,45.638538361, 0.317321479,-0.780746400, 0.624637604,-0.016217688, 0.622364998, 0.779693425, 0.068847902, 0.055649810, 0.043659430,-0.997495353,217.654769897,-185.818389893,-1536.207519531, 0.146968022,,,,,,,,,,,,,,
54, 0.850632846, 0.359089583, 0.384029269, 0.403806716,-0.913977385,-0.039818577, 0.336695611, 0.188944578,-0.922461927, 5.429768562,13.345520020,45.635543823, 0.316783041,-0.780805707, 0.624566138,-0.016109886, 0.622294724, 0.779743612, 0.068913519, 0.055602636, 0.043782976,-0.997492552,217.657257080,-185.818496704,-1536.206909180, 0.146925330,,,,,,,,,,,,,,
55, 0.850417733, 0.359618574, 0.384010643, 0.404187918,-0.913830578,-0.039316975, 0.336781532, 0.188648298,-0.922491193, 5.415644646,13.313581467,45.661296844, 0.316811383,-0.780835032, 0.624536872,-0.015822729, 0.622281909, 0.779759943, 0.068844996, 0.055334169, 0.043910388,-0.997501850,217.656372070,-185.817428589,-1536.209350586, 0.147213325,,,,,,,,,,,,,,
56, 0.850476682, 0.359579861, 0.383916408, 0.404335916,-0.913740158,-0.039893363, 0.336454958, 0.189159557,-0.922505677, 5.399536133,13.309620857,45.663753510, 0.317998260,-0.780763745, 0.624620497,-0.016037049, 0.622366965, 0.779709458, 0.068647511, 0.055382878, 0.043616556,-0.997512102,217.655075073,-185.818420410,-1536.212036133, 0.146789730,,,,,,,,,,,,,,
57, 0.850392938, 0.359156162, 0.384498000, 0.404302418,-0.913719475,-0.040697072, 0.336706728, 0.190061972,-0.922228277, 5.389691353,13.306701660,45.655834198, 0.317929953,-0.780713320, 0.624675512,-0.016345272, 0.622401953, 0.779671133, 0.068765186, 0.055699870, 0.043512572,-0.997498930,217.652877808,-185.817031860,-1536.208740234, 0.147983521,,,,,,,,,,,,,,
58, 0.850131035, 0.358652741, 0.385545701, 0.404318869,-0.913672209,-0.041585084, 0.337347806, 0.191236168,-0.921751142, 5.363777637,13.297423363,45.636936188, 0.316470534,-0.780787528, 0.624572635,-0.016728336, 0.622250497, 0.779741704, 0.069333769, 0.056347754, 0.043725729,-0.997453272,217.651702881,-185.817550659,-1536.209594727, 0.147006109,,,,,,,,,,,,,,
59, 0.849944770, 0.358173311, 0.386401087, 0.404194683,-0.913702190,-0.042130888, 0.337965339, 0.191990182,-0.921368122, 5.358524323,13.295229912,45.645439148, 0.316812575,-0.780766904, 0.624599159,-0.016701769, 0.622284234, 0.779724300, 0.069226488, 0.056261580, 0.043656506,-0.997461140,217.651840210,-185.818420410,-1536.212890625, 0.146908894,,,,,,,,,,,,,,
60, 0.850456893, 0.357902944, 0.385523826, 0.404041499,-0.913727462,-0.043043140, 0.336858392, 0.192373931,-0.921693385, 5.379038811,13.299816132,45.665138245, 0.317324251,-0.780732393, 0.624651253,-0.016364405, 0.622382760, 0.779695749, 0.068660334, 0.055648021, 0.043420423,-0.997505903,217.652008057,-185.817901611,-1536.214111328, 0.147530138,,,,,,,,,,,,,,
61, 0.850659788, 0.357874632, 0.385102093, 0.403976053,-0.913748622,-0.043206029, 0.336424172, 0.192325652,-0.921862006, 5.342953682,13.291159630,45.725551605, 0.317337215,-0.780771255, 0.624599934,-0.016470054, 0.622327566, 0.779740810, 0.068649590, 0.055720903, 0.043349851,-0.997504890,217.652420044,-185.817810059,-1536.212036133, 0.147289827,,,,,,,,,,,,,,
62, 0.851092815, 0.357406646, 0.384579688, 0.403675646,-0.913839579,-0.044082232, 0.335688829, 0.192763507,-0.922038615, 5.347054482,13.279964447,45.725200653, 0.317797601,-0.780781984, 0.624590099,-0.016328881, 0.622320950, 0.779741466, 0.068701304, 0.055642463, 0.043478940,-0.997503638,217.653106689,-185.817291260,-1536.211303711, 0.146143243,,,,,,,,,,,,,,
63, 0.851557910, 0.357281208, 0.383665532, 0.403437585,-0.913931131,-0.044361744, 0.334794253, 0.192561686,-0.922406018, 5.330677509,13.260684967,45.738590240, 0.317361981,-0.780837357, 0.624527276,-0.016085599, 0.622254014, 0.779771447, 0.068967551, 0.055615205, 0.043843113,-0.997489214,217.653793335,-185.817443848,-1536.210571289, 0.146593675,,,,,,,,,,,,,,
64, 0.852100074, 0.357221007, 0.382516146, 0.403045267,-0.914113700,-0.044166192, 0.333886147, 0.191805333,-0.922892630, 5.297583580,13.259859085,45.799098969, 0.317119837,-0.780770361, 0.624604881,-0.016321488, 0.622313738, 0.779712081, 0.069098510, 0.055885326, 0.043792982,-0.997476280,217.651947021,-185.816848755,-1536.211547852, 0.146920875,,,,,,,,,,,,,,
65, 0.852996707, 0.357560605, 0.380193532, 0.403089195,-0.914067805,-0.044711761, 0.331535488, 0.191390887,-0.923825622, 5.293633938,13.263361931,45.785228729, 0.316745967,-0.780738533, 0.624647141,-0.016224094, 0.622378826, 0.779689491, 0.068766706, 0.055604681, 0.043591283,-0.997500837,217.651138306,-185.817291260,-1536.215332031, 0.147252694,,,,,,,,,,,,,,
66, 0.853370786, 0.358160645, 0.378786534, 0.403339922,-0.913968146,-0.044486981, 0.330265343, 0.190743625,-0.924414277, 5.243271828,13.254782677,45.811504364, 0.317198128,-0.780719519, 0.624663532,-0.016508324, 0.622376084, 0.779681087, 0.068886451, 0.055902086, 0.043506611,-0.997487903,217.651885986,-185.816970825,-1536.211914063, 0.146527946,,,,,,,,,,,,,,
67, 0.853609681, 0.358784497, 0.377656221, 0.403656572,-0.913842201,-0.044200793, 0.329259664, 0.190173641,-0.924890280, 5.222683430,13.229501724,45.842247009, 0.316043198,-0.780786514, 0.624585032,-0.016309515, 0.622311115, 0.779740512, 0.068801180, 0.055689372, 0.043569438,-0.997497082,217.653305054,-185.816070557,-1536.213623047, 0.147225514,,,,,,,,,,,,,,
68, 0.852872789, 0.358968377, 0.379143476, 0.404232085,-0.913581014,-0.044341642, 0.330461025, 0.191079736,-0.924274862, 5.178828239,13.206438065,45.855690002, 0.316788495,-0.780798018, 0.624561489,-0.016652262, 0.622281015, 0.779777527, 0.068653040, 0.055863108, 0.043241769,-0.997501612,217.654113770,-185.816360474,-1536.212402344, 0.146198347,,,,,,,,,,,,,,
69, 0.852254391, 0.358932942, 0.380564988, 0.404330254,-0.913561702,-0.043842338, 0.331933111, 0.191238761,-0.923714340, 5.152927876,13.139533043,45.909801483, 0.317162037,-0.780834913, 0.624523997,-0.016329572, 0.622234046, 0.779777944, 0.069073863, 0.055871721, 0.043774467,-0.997477889,217.655563354,-185.816284180,-1536.210693359, 0.146392956,,,,,,,,,,,,,,
70, 0.851631343, 0.358134389, 0.382705867, 0.404379398,-0.913482189,-0.045028836, 0.333468616, 0.193106338,-0.922772229, 5.146355629,13.096393585,45.879207611, 0.316980273,-0.780750990, 0.624627590,-0.016380209, 0.622324765, 0.779688895, 0.069261022, 0.056033812, 0.043881800,-0.997464061,217.655929565,-185.815780640,-1536.215454102, 0.146975800,,,,,,,,,,,,,,
71, 0.851077557, 0.357703686, 0.384337157, 0.404589593,-0.913347304,-0.045869730, 0.334625512, 0.194537506,-0.922052562, 5.124898434,13.080435753,45.917579651, 0.317104131,-0.780741096, 0.624638438,-0.016437799, 0.622369945, 0.779711008, 0.068604119, 0.055669501, 0.043331660,-0.997508585,217.654968262,-185.815582275,-1536.215332031, 0.147013530,,,,,,,,,,,,,,
72, 0.850656211, 0.357028902, 0.385894239, 0.404456168,-0.913373411,-0.046521734, 0.335855931, 0.195651308,-0.921369314, 5.091679573,13.028084755,45.961814880, 0.317320675,-0.780750513, 0.624623835,-0.016543392, 0.622347295, 0.779723585, 0.068665899, 0.055789627, 0.043315202,-0.997502565,217.653213501,-185.816329956,-1536.217895508, 0.146461308,,,,,,,,,,,,,,
73, 0.850494742, 0.356607556, 0.386638999, 0.404445976,-0.913339674,-0.047267318, 0.336276829, 0.196575195,-0.921019018, 5.072827339,12.945369720,45.988105774, 0.317920506,-0.780791759, 0.624577880,-0.016329259, 0.622318089, 0.779758513, 0.068533182, 0.055537190, 0.043348152,-0.997515142,217.652435303,-185.816543579,-1536.220581055, 0.147560328,,,,,,,,,,,,,,
74, 0.850245059, 0.357413203, 0.386444211, 0.405075490,-0.913087547,-0.046743926, 0.336150497, 0.196282879,-0.921127498, 4.959018707,12.843039513,46.096874237, 0.316915303,-0.780776143, 0.624593794,-0.016468648, 0.622328758, 0.779751360, 0.068518251, 0.055637520, 0.043248501,-0.997513950,217.651519775,-185.816085815,-1536.218017578, 0.147624671,,,,,,,,,,,,,,
75, 0.850225985, 0.358846843, 0.385155529, 0.405914396,-0.912771404,-0.045627896, 0.335185498, 0.195134193,-0.921723008, 4.821026325,12.740029335,46.228736877, 0.317787766,-0.780813396, 0.624548614,-0.016413389, 0.622281134, 0.779781580, 0.068606362, 0.055646867, 0.043355025,-0.997508824,217.651885986,-185.815353394,-1536.219482422, 0.147699550,,,,,,,,,,,,,,
76, 0.850005925, 0.359224826, 0.385288775, 0.406395823,-0.912550926,-0.045752492, 0.335160196, 0.195469633,-0.921661139, 4.730889320,12.683158875,46.266044617, 0.317036837,-0.780815125, 0.624543786,-0.016516795, 0.622270346, 0.779787898, 0.068632960, 0.055743884, 0.043311741,-0.997505248,217.652832031,-185.816040039,-1536.219360352, 0.146471143,,,,,,,,,,,,,,
77, 0.850649714, 0.358778030, 0.384282917, 0.406139314,-0.912601769,-0.046998832, 0.333835125, 0.196051955,-0.922018290, 4.688190460,12.681417465,46.264728546, 0.316892415,-0.780769944, 0.624589145,-0.016931975, 0.622303963, 0.779770911, 0.068520918, 0.056000482, 0.042962234,-0.997505963,217.652984619,-185.815414429,-1536.219970703, 0.145790800,,,,,,,,,,,,,,
78, 0.851077676, 0.358482063, 0.383611113, 0.405645579,-0.912824690,-0.046934549, 0.333344460, 0.195555076,-0.922301292, 4.681666374,12.653468132,46.266357422, 0.317966282,-0.780779898, 0.624592245,-0.016348999, 0.622331381, 0.779747605, 0.068536170, 0.055555258, 0.043337170,-0.997514665,217.652862549,-185.814437866,-1536.218139648, 0.147067741,,,,,,,,,,,,,,
79, 0.851524889, 0.358302623, 0.382785439, 0.405519247,-0.912844360,-0.047638107, 0.332354635, 0.195791870,-0.922608256, 4.676185131,12.647658348,46.251541138, 0.316926777,-0.780783296, 0.624590695,-0.016243976, 0.622360289, 0.779765487, 0.068069197, 0.055181876, 0.043037686,-0.997548401,217.654647827,-185.814666748,-1536.216186523, 0.147516608,,,,,,,,,,,,,,
80, 0.851771414, 0.358339310, 0.382201910, 0.405463696,-0.912863493,-0.047743250, 0.331789881, 0.195635349,-0.922844648, 4.628465652,12.609611511,46.244876862, 0.316124827,-0.780724108, 0.624661207,-0.016378609, 0.622410834, 0.779702902, 0.068324186, 0.055449918, 0.043148115,-0.997528732,217.655166626,-185.815368652,-1536.216186523, 0.146087512,,,,,,,,,,,,,,
81, 0.851811469, 0.358985811, 0.381505519, 0.405979663,-0.912636876,-0.047691043, 0.331055611, 0.195507258,-0.923135519, 4.583771706,12.577626228,46.226741791, 0.316544652,-0.780777454, 0.624593437,-0.016420823, 0.622352600, 0.779767215, 0.068119824, 0.055351611, 0.042966880,-0.997542024,217.656173706,-185.815994263,-1536.216064453, 0.146498740,,,,,,,,,,,,,,
82, 0.852182925, 0.359329164, 0.380350858, 0.406094998,-0.912584245,-0.047716755, 0.329956174, 0.195121989,-0.923610508, 4.542886734,12.554797173,46.213432312, 0.316218674,-0.780742288, 0.624631643,-0.016639726, 0.622380316, 0.779743493, 0.068139322, 0.055536687, 0.042843007,-0.997537076,217.654174805,-185.816360474,-1536.218017578, 0.146765888,,,,,,,,,,,,,,
83, 0.852463365, 0.359910131, 0.379171461, 0.406298161,-0.912516117,-0.047288559, 0.328980416, 0.194368422,-0.924117327, 4.517818928,12.516608238,46.226516724, 0.316539615,-0.780773699, 0.624600768,-0.016319923, 0.622365713, 0.779758990, 0.068093598, 0.055256922, 0.043008730,-0.997545421,217.651443481,-185.817382813,-1536.214355469, 0.146819130,,,,,,,,,,,,,,
84, 0.852166474, 0.359945655, 0.379804522, 0.406527817,-0.912406683,-0.047425829, 0.329465449, 0.194815785,-0.923850238, 4.480554104,12.476408005,46.196891785, 0.316021383,-0.780739367, 0.624640167,-0.016453119, 0.622384012, 0.779720247, 0.068370149, 0.055535574, 0.043139108,-0.997524321,217.651336670,-185.817031860,-1536.217773438, 0.146674633,,,,,,,,,,,,,,
85, 0.852279425, 0.360033512, 0.379467547, 0.406682283,-0.912317812,-0.047808956, 0.328982174, 0.195069313,-0.923968971, 4.450708389,12.444242477,46.204227448, 0.314179748,-0.780772507, 0.624601424,-0.016350301, 0.622343779, 0.779742956, 0.068477303, 0.055520054, 0.043289687,-0.997518659,217.651824951,-185.815216064,-1536.215698242, 0.146927372,,,,,,,,,,,,,,
86, 0.852311194, 0.359630197, 0.379778653, 0.406653136,-0.912281454,-0.048741676, 0.328936040, 0.195981249,-0.923792422, 4.423471928,12.443423271,46.198345184, 0.314906865,-0.780749440, 0.624625504,-0.016531231, 0.622379899, 0.779745400, 0.068120725, 0.055440094, 0.042896513,-0.997540116,217.652130127,-185.814605713,-1536.215209961, 0.147174999,,,,,,,,,,,,,,
87, 0.852566183, 0.359066993, 0.379739136, 0.406097710,-0.912520409,-0.048899997, 0.328961313, 0.195901677,-0.923800290, 4.425348759,12.427300453,46.204376221, 0.315648198,-0.780735016, 0.624647737,-0.016375244, 0.622398555, 0.779714346, 0.068305716, 0.055435024, 0.043136735,-0.997530043,217.654922485,-185.815170288,-1536.219116211, 0.146188125,,,,,,,,,,,,,,
88, 0.852690995, 0.358970225, 0.379550368, 0.405772239,-0.912691951,-0.048396945, 0.329039514, 0.195278645,-0.923904359, 4.398503304,12.404314041,46.231407166, 0.315531194,-0.780770063, 0.624606431,-0.016276738, 0.622333646, 0.779722095, 0.068806276, 0.055668175, 0.043592319,-0.997497261,217.655639648,-185.815231323,-1536.218017578, 0.146962404,,,,,,,,,,,,,,
89, 0.853028476, 0.359191716, 0.378581285, 0.405612081,-0.912789643,-0.047895033, 0.328361571, 0.194412962,-0.924328029, 4.436354637,12.398663521,46.250747681, 0.315566987,-0.780814469, 0.624571979,-0.015449631, 0.622362316, 0.779741943, 0.068320267, 0.054717649, 0.043730181,-0.997543812,217.655838013,-185.815155029,-1536.213989258, 0.147693917,,,,,,,,,,,,,,
90, 0.852861583, 0.359158814, 0.378988266, 0.405550539,-0.912834346,-0.047563415, 0.328870684, 0.194263905,-0.924178362, 4.425059795,12.418409348,46.266952515, 0.316186011,-0.780781031, 0.624603331,-0.015861195, 0.622372508, 0.779728770, 0.068377115, 0.055076007, 0.043515984,-0.997533441,217.654800415,-185.815368652,-1536.216918945, 0.148031056,,,,,,,,,,,,,,
91, 0.853199184, 0.359377474, 0.378019810, 0.405693829,-0.912751913,-0.047921300, 0.327816457, 0.194246709,-0.924556434, 4.402462006,12.445146561,46.266330719, 0.315620631,-0.780724466, 0.624660194,-0.016399806, 0.622395635, 0.779694140, 0.068561986, 0.055614777, 0.043320853,-0.997512043,217.651809692,-185.814376831,-1536.213745117, 0.147960275,,,,,,,,,,,,,,
92, 0.853154480, 0.359910220, 0.377613515, 0.405684710,-0.912827194,-0.046544719, 0.327943981, 0.192901880,-0.924792707, 4.380506992,12.463599205,46.348567963, 0.315734804,-0.780731976, 0.624656260,-0.016188368, 0.622403741, 0.779692233, 0.068509609, 0.055416901, 0.043411940,-0.997519076,217.650695801,-185.814865112,-1536.214721680, 0.147576138,,,,,,,,,,,,,,
93, 0.853054285, 0.360315263, 0.377453744, 0.405860603,-0.912780702,-0.045918994, 0.327987164, 0.192365006,-0.924889266, 4.367643356,12.485844612,46.388149261, 0.314296633,-0.780795395, 0.624579668,-0.016085146, 0.622342885, 0.779758394, 0.068309672, 0.055207361, 0.043325402,-0.997534454,217.649475098,-185.814300537,-1536.216796875, 0.147247508,,,,,,,,,,,,,,
94, 0.853100419, 0.360247463, 0.377414107, 0.405797452,-0.912806213,-0.045970403, 0.327945203, 0.192371041,-0.924902856, 4.351375103,12.496259689,46.402557373, 0.315479636,-0.780776441, 0.624596298,-0.016358702, 0.622337759, 0.779746950, 0.068486236, 0.055531897, 0.043291803,-0.997517884,217.650970459,-185.813461304,-1536.214721680, 0.146531671,,,,,,,,,,,,,,
95, 0.853225470, 0.360169619, 0.377205759, 0.405649662,-0.912874460,-0.045919161, 0.327802807, 0.192192778,-0.924990475, 4.352353096,12.499205589,46.414775848, 0.314819634,-0.780761898, 0.624617934,-0.016228510, 0.622361779, 0.779722571, 0.068545274, 0.055468343, 0.043417528,-0.997515976,217.652084351,-185.813629150,-1536.212524414, 0.146533400,,,,,,,,,,,,,,
96, 0.853308678, 0.360015631, 0.377164453, 0.405605167,-0.912875772,-0.046284478, 0.327641159, 0.192474782,-0.924988985, 4.346112251,12.496009827,46.400905609, 0.314122885,-0.780781925, 0.624594629,-0.016161658, 0.622337282, 0.779735625, 0.068619803, 0.055461377, 0.043519098,-0.997511983,217.654129028,-185.814544678,-1536.214477539, 0.145831138,,,,,,,,,,,,,,
97, 0.853447080, 0.359716892, 0.377136350, 0.405274987,-0.913023055,-0.046272278, 0.327689260, 0.192334875,-0.925001085, 4.339385986,12.492465973,46.439758301, 0.316063970,-0.780765533, 0.624615133,-0.016158924, 0.622360826, 0.779721558, 0.068566345, 0.055427033, 0.043477558,-0.997515678,217.658065796,-185.815582275,-1536.212524414, 0.146493435,,,,,,,,,,,,,,
98, 0.853452504, 0.359124988, 0.377687663, 0.405024946,-0.913096428,-0.047006629, 0.327984005, 0.193090856,-0.924739063, 4.327104092,12.491512299,46.417579651, 0.314634115,-0.780804873, 0.624561608,-0.016326161, 0.622287989, 0.779760480, 0.068783708, 0.055690162, 0.043547079,-0.997497976,217.655273438,-185.815612793,-1536.211547852, 0.145629928,,,,,,,,,,,,,,
99, 0.853478134, 0.358323812, 0.378390104, 0.404615760,-0.913235307,-0.047825601, 0.328422159, 0.193920702,-0.924409866, 4.339163780,12.510417938,46.398387909, 0.316310614,-0.780731380, 0.624648213,-0.016524764, 0.622386813, 0.779714704, 0.068407670, 0.055615328, 0.043123219,-0.997520566,217.654312134,-185.815902710,-1536.212280273, 0.146184772,,,,,,,,,,,,,,
100, 0.853858769, 0.357919872, 0.377913535, 0.404218018,-0.913390517,-0.048223887, 0.327922344, 0.193935841,-0.924584150, 4.364596844,12.505009651,46.406814575, 0.315794796,-0.780707121, 0.624690473,-0.016070262, 0.622466743, 0.779679418, 0.068081886, 0.055059757, 0.043148808,-0.997550309,217.652999878,-185.816192627,-1536.212646484, 0.147357211,,,,,,,,,,,,,,
101, 0.853735805, 0.357711464, 0.378388315, 0.404181480,-0.913394809,-0.048448686, 0.328287274, 0.194299936,-0.924378157, 4.339184284,12.495253563,46.423759460, 0.316582829,-0.780754387, 0.624630272,-0.016112609, 0.622401476, 0.779726267, 0.068141654, 0.055126764, 0.043173384,-0.997545540,217.652343750,-185.815826416,-1536.211059570, 0.146966919,,,,,,,,,,,,,,
102, 0.853715956, 0.357329220, 0.378793836, 0.404245436,-0.913308859,-0.049522594, 0.328259915, 0.195403919,-0.924155116, 4.330977440,12.501703262,46.402492523, 0.314777762,-0.780795097, 0.624575913,-0.016250765, 0.622351468, 0.779782414, 0.067956932, 0.055116318, 0.042946752,-0.997555971,217.652084351,-185.816177368,-1536.212402344, 0.146977112,,,,,,,,,,,,,,
103, 0.853670537, 0.357056856, 0.379153073, 0.404084504,-0.913372576,-0.049660854, 0.328576297, 0.195603892,-0.924000382, 4.296521187,12.497602463,46.424598694, 0.315237552,-0.780754149, 0.624620855,-0.016483720, 0.622364223, 0.779737294, 0.068355925, 0.055549510, 0.043110296,-0.997524798,217.651290894,-185.816101074,-1536.213012695, 0.146885410,,,,,,,,,,,,,,
104, 0.853475988, 0.357032657, 0.379613459, 0.404016972,-0.913424611,-0.049251076, 0.329164058, 0.195404902,-0.923833311, 4.276956558,12.501953125,46.461906433, 0.315944046,-0.780755043, 0.624625742,-0.016254216, 0.622377098, 0.779724002, 0.068389930, 0.055391919, 0.043279536,-0.997526228,217.652221680,-185.815017700,-1536.210571289, 0.146129325,,,,,,,,,,,,,,
105, 0.853384793, 0.357170880, 0.379688591, 0.404238105,-0.913318336,-0.049408760, 0.329129159, 0.195649266,-0.923794031, 4.258247375,12.529511452,46.501296997, 0.315521270,-0.780767500, 0.624606252,-0.016406758, 0.622378111, 0.779765904, 0.067901500, 0.055205133, 0.042804077,-0.997557104,217.652191162,-185.815734863,-1536.210449219, 0.147778004,,,,,,,,,,,,,,
106, 0.853321791, 0.356884688, 0.380099028, 0.404119164,-0.913356602,-0.049673129, 0.329438388, 0.195992485,-0.923611045, 4.255157471,12.526990891,46.514965057, 0.315717816,-0.780695975, 0.624701321,-0.016189722, 0.622484922, 0.779684663, 0.067855090, 0.055012044, 0.042896338,-0.997563779,217.653381348,-185.816940308,-1536.210205078, 0.148275018,,,,,,,,,,,,,,
107, 0.852834821, 0.356225133, 0.381806791, 0.403993487,-0.913382947,-0.050208021, 0.330850452, 0.197066620,-0.922877431, 4.241087914,12.524952888,46.503498077, 0.315177411,-0.780729890, 0.624651849,-0.016458854, 0.622407258, 0.779720306, 0.068157405, 0.055407953, 0.042968415,-0.997538805,217.654586792,-185.817169189,-1536.208251953, 0.148004204,,,,,,,,,,,,,,
108, 0.852981865, 0.355993629, 0.381694317, 0.403952450,-0.913365245,-0.050857242, 0.330521435, 0.197566658,-0.922888398, 4.234777927,12.519376755,46.509742737, 0.313711226,-0.780759096, 0.624619365,-0.016305408, 0.622377276, 0.779737711, 0.068231657, 0.055332758, 0.043124374,-0.997536242,217.651748657,-185.817245483,-1536.207153320, 0.147089660,,,,,,,,,,,,,,
